 -1.1571561e+000  1.3699981e+000
  4.3012734e-001 -1.8417152e-002
  4.8499988e-001 -2.9750551e-001
 -6.6053365e-001 -4.5458095e-001
 -8.4559101e-001  5.3949800e-001
 -8.4879426e-001  2.1300555e-001
  1.6650269e-001  1.1279460e+000
 -8.5619046e-001 -2.2131654e-001
 -2.8403424e-001 -3.5055508e-001
 -1.4660484e+000  1.4281215e+000
 -3.4131624e-001  1.1721017e+000
 -2.7566653e-001 -1.7162777e+000
 -4.1133701e-001 -1.5369675e+000
 -1.1919858e+000 -1.5173226e+000
 -6.3703789e-001  2.1127226e+000
 -9.9181534e-001 -3.6011174e-001
 -2.3197568e-001  5.0598445e-001
  3.3684317e-001  2.0142259e+000
  4.0810876e-001 -2.1210634e-001
  8.4490034e-001 -8.7428474e-002
 -3.1828386e-001 -1.1457097e-001
 -8.4370139e-001  1.8291720e-001
  1.3251870e+000 -4.7443238e-001
 -2.1950189e-001  1.3912137e+000
  1.2555026e+000  9.4031679e-001
  4.0505197e-001 -3.6076634e-001
  1.5775999e+000  1.2541094e+000
 -8.4971806e-001  1.0877821e+000
 -4.0971622e-001  3.4360118e-001
 -7.3556429e-002  1.2139879e+000
 -3.8498778e-001  2.1258017e-001
  2.7947781e-001  5.7129859e-001
 -9.9247150e-002  5.8141243e-001
 -8.4262687e-001  2.7399527e-002
 -3.5464802e-001  4.9380673e-001
 -1.0915791e+000 -8.8913559e-001
 -9.2426991e-001  4.0905372e-002
 -8.6575255e-001 -1.1472909e+000
  2.6881571e-001  3.6207996e-001
 -1.1211036e+000 -6.3901248e-001
  8.1820296e-001 -8.7059283e-001
  7.1932417e-001 -8.6011795e-001
  7.9817419e-001  3.2802109e-001
  1.1755293e+000 -4.1320770e-001
 -6.2725161e-001 -3.7650121e-001
  1.3613580e-001  3.0345473e-001
  5.0559030e-001  1.4148941e+000
  2.1802729e+000  2.4581056e-001
 -1.9024647e+000 -4.8948298e-002
  6.8642469e-001 -1.4098712e+000
  1.7117520e+000 -9.1399138e-004
 -1.1402319e+000  5.5488383e-001
 -1.0957462e-001 -2.1513617e-001
 -3.4900666e-001 -6.2293191e-001
 -3.8275477e-001 -1.0214342e+000
 -8.9779599e-001  1.3973220e+000
 -3.9772295e-001 -1.2115548e-001
 -1.5745987e-001 -1.1162014e-001
 -1.3534821e+000 -5.3058852e-001
  2.5997640e+000 -6.8251811e-001
  1.4368080e+000  7.7909660e-001
 -4.4206320e-001  5.1839299e-001
  2.1050201e-001  1.1827570e+000
 -1.8459966e-001 -2.4203152e-001
  1.8972319e+000 -8.3816969e-001
  1.5661370e-001 -1.1899510e+000
 -7.0989737e-002  1.4323143e+000
  1.9913856e+000  3.0494557e-002
 -4.8735285e-001  5.4461794e-001
  3.8303053e-001 -1.1657905e+000
  9.6983932e-001 -9.1364058e-001
  1.0377157e+000  1.2000767e-001
 -3.7820847e-001 -1.8906393e-001
 -9.0719674e-001  6.0365114e-001
  1.2618149e+000 -1.8325007e-002
 -6.5511252e-001 -1.7854212e-001
 -9.0053297e-001  8.8639399e-001
  3.0061499e-001 -6.7612199e-001
  9.6963896e-001  3.0450967e-001
 -1.4247486e-001 -1.4982279e+000
 -1.4727467e+000 -9.8297625e-001
  6.8341068e-001  1.1454353e+000
 -1.3555988e+000  2.6824781e+000
 -2.5246479e+000  2.0945114e+000
  6.8486084e-002  1.2235181e+000
 -2.3920796e+000 -6.1923411e-001
 -2.9933538e-002 -4.9028773e-001
  2.5923020e-001  1.8713738e-001
  1.0634637e+000 -5.2106296e-001
  1.0338299e-001 -1.6859157e+000
 -4.4974329e-002  9.6969857e-001
  1.4596099e+000 -1.4950378e+000
  1.0947736e+000  1.3581136e+000
  7.1763136e-001  4.4174288e-001
  3.2614720e-001 -4.8552528e-001
  1.7055064e-001 -1.7305999e+000
  9.6064400e-001 -9.6605086e-001
 -8.5083279e-001  6.5316632e-001
 -6.5131278e-001  1.2585329e+000
  5.2642220e-001 -4.2799581e-001
  5.4279092e-001  1.8288038e+000
  5.3089801e-002 -3.5066018e-001
  7.7792395e-001  2.6793068e-001
  1.3076097e-001 -1.2507337e-001
 -2.0117838e-002 -4.5733174e-001
 -3.0212013e-001  2.7635762e-001
  6.6637182e-001 -1.2989211e+000
 -1.0218072e-001 -2.1587745e+000
  2.6836092e+000  1.5744325e+000
  3.2149001e-001 -1.8079704e+000
  1.4151270e-002 -4.6556608e-003
 -2.2287508e+000 -1.3798419e+000
 -1.8056069e-001  7.8571740e-001
  1.0853939e-001  3.6200260e-002
  1.0557286e-001  1.1909885e+000
  3.2288001e-001 -2.1635449e-001
  1.0659954e+000  3.8258548e-001
  8.8619360e-001 -2.1118682e+000
 -1.9792212e+000 -2.3754758e-001
 -7.0072070e-001  9.7244526e-001
  7.9157694e-001  3.8357532e-002
  1.0763265e+000  1.9537549e+000
  2.1332789e+000  1.2171056e+000
 -1.6145616e-001  4.0163138e-001
  1.9228485e+000  2.4296153e+000
 -1.4464832e+000 -1.1260126e+000
  2.6838828e-001 -7.7554321e-001
  1.1363241e-001  1.8406034e-001
 -5.1980808e-001 -2.7470338e-001
 -4.8104854e-001 -1.2120356e-001
  1.4148845e+000 -3.3494357e+000
 -5.2058764e-001  1.2129382e+000
 -9.4885739e-001 -5.5050013e-001
  2.0226253e-002 -1.5426016e-001
 -6.0000083e-001 -2.8977115e-001
  1.3507602e+000  1.2606515e+000
 -4.8179253e-001 -7.7613785e-002
  6.0237934e-001 -1.9594631e+000
 -7.6287422e-001  9.8291537e-001
 -2.9233143e-001 -5.1189319e-001
 -4.2919044e-002  3.1253508e-001
  1.1677110e+000 -1.8545614e-001
  1.6551260e+000 -1.4628244e+000
 -4.3443466e-001 -5.1750246e-001
 -8.6725006e-001 -4.4622701e-001
 -1.0356497e-001 -1.2401796e+000
 -1.5932334e+000 -1.1337821e+000
  3.5765694e-001 -3.1663006e-001
  2.0690462e+000 -1.6015598e+000
  1.2838570e+000 -1.1722776e+000
 -2.3477441e-001  1.2960524e+000
 -4.6007235e-001 -2.5450564e+000
  1.0764279e+000 -3.4730849e-001
  1.5711163e+000  5.6937382e-002
 -4.6164376e-001  7.7594905e-001
  3.9526852e-001  1.6290849e-002
  4.2629159e-001 -9.1892259e-001
 -1.8402518e-001 -7.5763909e-001
 -4.7413425e-001  7.4031495e-001
  3.0051108e-001 -1.6445359e+000
  4.1455411e-001 -2.7239928e+000
  1.3906346e-001  8.5120544e-001
 -1.2463172e+000 -8.2561046e-002
 -1.5824742e+000 -1.0068879e+000
  4.8389842e-001 -1.3458791e+000
 -1.0283343e+000 -6.1553760e-001
 -6.5461755e-001  4.0479240e-001
 -1.0767217e-001 -4.0086057e-002
 -1.9672350e+000 -2.3271217e+000
  6.5190518e-001  1.8247273e+000
  1.9221301e-002 -1.6093602e-001
  2.5428951e-001 -1.0685183e-001
 -3.9389465e-001  8.3566557e-001
 -1.0522939e+000 -1.9966433e+000
 -2.5010385e-001  9.9226319e-001
 -1.9230085e+000  1.3336750e+000
 -2.2776246e-001 -1.3487524e+000
 -2.1768703e-001 -1.7174960e+000
 -4.7549085e-001 -2.4490524e-001
  1.3432018e+000  1.4459750e+000
  2.1990075e-001  5.0378093e-001
  7.6730322e-001  4.0868848e-001
 -1.1685161e+000  3.4172581e-001
  5.9328706e-001 -2.2754408e-001
 -1.5771932e-001 -1.0285764e+000
  7.4602408e-001 -1.5871527e-001
  3.3698708e+000  8.1580243e-001
 -7.0289840e-001 -7.1643827e-001
 -3.5061786e-001  5.8997520e-001
 -2.1497399e-002 -4.5379965e-001
 -8.6643888e-001  2.5672281e+000
  6.1389873e-001  3.8070466e-001
  3.6027117e-001 -7.2800889e-001
 -2.2947814e-001 -4.6850440e-001
  2.3804704e-001 -5.8271961e-001
 -1.4873433e+000 -7.3524945e-001
  4.9632331e-001  8.6046575e-001
  8.0788916e-001 -6.0224543e-001
 -7.0490411e-001 -1.7374942e+000
 -8.3451283e-002 -1.3523839e+000
 -5.0417265e-001 -1.5568162e+000
  1.1782210e+000 -1.5163918e+000
  7.0177857e-001 -9.5598162e-001
  1.0863733e-001 -3.3145823e-002
  1.3932676e-001 -5.0697182e-001
  2.2709421e-001 -2.1611091e-001
  4.8463755e-001  4.4769927e-001
  1.0773793e+000  4.6207048e-001
  5.8870693e-002  3.6943392e-001
 -3.6397731e-001 -2.9423832e-001
 -1.4295002e-001 -1.9821023e-003
 -1.3991333e+000 -3.2112022e+000
  1.0478729e+000  6.2726009e-001
  9.2053390e-002 -1.5560747e+000
  1.3231787e+000  1.1892605e+000
  9.8146520e-001  7.7451129e-001
 -8.9204847e-002 -5.4991117e-001
 -1.9549314e-001 -1.8887867e+000
 -5.6035886e-001  1.9987714e+000
 -2.0423506e-001  4.8840792e-002
  1.2955902e-001 -1.2360574e-001
 -1.2607748e+000 -9.2767983e-001
  2.5859755e-001  4.8378928e-001
 -2.5040161e+000  4.8743801e-001
  1.6946808e+000  3.2086397e-001
  1.9181372e-001  1.2247664e+000
  1.9152017e-001 -7.0694676e-001
 -2.4975954e+000 -7.7844781e-001
 -8.6927289e-002 -7.9867345e-001
 -4.1132583e-001 -1.5248654e+000
 -6.3139334e-001  2.4773599e-001
  1.3632705e+000 -6.6656252e-002
 -6.7364444e-001  1.5878297e+000
 -9.8879182e-001 -2.5706408e+000
 -1.6246031e+000 -5.5153669e-002
  5.6646308e-001  6.1257849e-002
  1.3908941e-002  9.8905747e-001
 -5.3306228e-001  1.3507784e+000
  1.0461449e+000  7.3642396e-001
 -1.2694267e+000 -5.9701777e-001
  1.4772246e+000  6.5785048e-001
  7.1943843e-001  3.9869628e-001
  9.4406496e-001 -1.7756972e-001
  5.5172240e-001 -7.8485391e-001
  5.3049335e-001  1.4423554e-001
 -2.8335498e-002 -1.7970624e-002
  2.6036075e+000  1.5282455e+000
 -9.8619990e-001 -4.9182011e-001
  1.1441476e+000  1.7863043e+000
 -2.0007667e+000 -1.0154342e-001
 -8.7593531e-001 -7.3403507e-001
 -8.7902461e-001 -8.6822778e-001
 -1.9537816e-001 -2.9415283e-001
 -4.9295697e-001 -2.0296284e-001
  5.2171615e-001 -1.3203177e+000
  1.1088650e+000 -2.0221992e+000
 -7.0308926e-002  2.9893455e-001
 -7.7840895e-001  1.4741847e-003
 -1.8274586e-001  8.5683466e-003
 -4.7023859e-001 -7.5446138e-001
  6.6904948e-002  1.3975682e+000
  1.1888086e+000  1.9054540e-001
  1.1421833e-002  2.5716526e-001
 -1.1294612e+000 -1.0655842e+000
 -1.1345995e+000 -1.1564044e+000
  4.5107293e-001 -2.9519343e-001
 -2.6635956e-001  1.8067934e-001
 -1.4491467e+000 -2.1909487e+000
 -1.0015758e+000  3.4237278e-002
 -1.3463757e+000 -7.8285547e-001
 -1.2937547e-001  1.3029234e+000
  1.1531197e+000  1.9537193e+000
 -1.2625137e+000  6.6609263e-002
 -3.6220908e-001 -8.0689453e-001
  3.4174344e+000  6.3097826e-001
  5.8542307e-001  8.7448896e-002
 -3.4946940e-001 -1.0083559e+000
  1.4090003e+000  1.5560258e+000
  1.2684281e+000  1.0899993e+000
 -1.8223563e+000 -6.4454102e-001
 -8.9001293e-001  1.4422157e+000
 -7.6014254e-002 -8.1212091e-001
 -1.6642816e+000 -1.2414570e+000
  2.6170714e-001 -1.1122784e+000
 -1.6151009e+000 -3.7280283e-001
 -9.8090842e-001 -1.8048734e+000
  5.4170445e-001  1.5227697e+000
 -4.7220024e-002  1.8501584e-001
 -4.1319666e-001  5.0285905e-001
 -1.2689544e+000  2.0340347e-001
 -1.1869914e+000 -1.1730592e+000
  8.4906528e-001  1.3149150e+000
 -2.1108095e+000  4.0555885e-001
  3.6194565e-003  4.1515037e-001
  3.6291390e-001  1.7155124e+000
 -2.9673208e-001 -5.0134971e-001
 -5.0570081e-001 -1.6895390e+000
 -1.5321285e+000 -1.3434409e+000
  1.3145595e+000 -3.9260732e-001
 -3.7210152e-001 -3.8103659e-001
 -9.3569282e-001 -5.2946804e-001
  5.3749442e-001  1.7744704e+000
 -1.4592016e+000  1.0738039e-001
  1.5310609e+000 -5.0382547e-001
  2.1349395e+000  1.1283407e+000
 -1.0490961e+000  9.2241117e-001
 -1.5380031e+000  2.9321059e-001
  6.6066499e-002 -3.4370859e-001
  4.1360861e-001  9.0085099e-001
  4.6911497e-001 -1.5925129e+000
  3.2409211e-002 -1.1148924e+000
 -7.2941011e-001  2.3672131e+000
 -1.3313575e-002  1.1149956e-002
 -1.2141198e+000  7.9010193e-001
 -1.0183044e+000 -4.2046996e-001
 -2.7173890e-002 -6.6650168e-001
  2.2402050e-001  1.5600306e+000
  2.2364337e+000  5.7565092e-001
 -1.3221884e+000  3.4347018e-001
  2.5746027e-001 -2.8073090e-001
  1.0828088e+000 -2.0236445e-001
  1.8176426e-001  1.3105753e+000
 -1.4306767e+000  1.9333676e+000
  3.3456029e-001  2.6339514e+000
  6.8919119e-001 -6.1483933e-001
  1.2940368e+000 -1.1855422e+000
  3.1751225e-001  1.0562675e+000
  1.2065574e+000 -5.5640229e-001
  1.6135830e+000 -6.2812531e-001
 -1.2908526e+000  2.3647246e-001
  1.8547929e-001  1.2568185e+000
  1.0545940e+000  6.0837202e-002
  5.7856004e-001  7.8396130e-001
  2.7708967e-001 -5.9270547e-001
 -7.7757856e-001  6.6747341e-001
 -1.0155130e+000  3.5788336e-001
 -8.6227488e-001 -6.2215734e-001
 -9.6327442e-002  1.2835601e+000
  3.0855872e-001 -1.2096251e+000
  4.4069802e-001 -4.5185958e-001
 -1.5115958e+000  1.7669719e+000
  1.4691094e+000  1.9894875e+000
  8.2260747e-001 -9.0243871e-001
 -1.4788641e+000  1.6988623e-002
  2.7760076e-001  7.2519937e-001
 -1.7339642e-001  9.1063268e-001
 -1.2958242e+000  2.9583553e-001
 -1.6192987e+000 -1.4267191e+000
 -2.5241123e-001  4.4813761e-001
  4.2951312e-001 -8.7242465e-002
  2.3712610e-001  7.0409722e-001
  5.1943352e-001  9.0951201e-001
 -9.9213194e-002  1.9852162e-001
  9.9373495e-003  3.8790837e-002
  3.2537200e-001  3.0014721e-001
 -5.3657982e-001 -9.9953815e-001
 -1.3632960e+000 -1.6973114e-001
  6.9499478e-001  1.6341336e+000
 -2.5188688e-001 -4.2388757e-001
  1.7722699e+000 -1.5013187e-001
  1.1963057e+000  7.0927457e-001
 -1.4472908e+000  2.5776583e+000
 -5.1556604e-001  1.5586456e-001
  8.7854312e-001  5.1491351e-001
 -3.7764349e-001 -2.7288089e-002
  6.6453028e-001 -1.5090885e+000
 -1.4098753e+000 -9.9589014e-001
  1.4110595e+000  1.6379327e+000
 -1.5003434e+000 -1.1434717e+000
 -9.1143610e-001 -3.0713681e-001
 -5.8271986e-001  8.9057575e-001
 -6.7790247e-001 -5.3115828e-001
 -9.6554294e-001  1.7055861e+000
  2.8312898e-001 -7.8557492e-001
  3.1355847e-001  1.2532202e+000
 -6.1750732e-001  1.6286427e+000
  1.4468175e+000  6.0123610e-001
 -3.8215102e+000  4.1494935e-001
 -1.3535433e+000  1.3590369e+000
 -3.0703551e-001 -2.5745136e-001
  1.6418948e+000 -6.5858828e-001
  3.0204270e-001 -8.5969788e-001
 -3.6158017e-001  6.2478678e-001
 -1.8100628e+000  1.9778855e+000
 -1.5094948e+000  1.5572124e+000
 -1.7130644e-001 -3.0083954e-001
 -5.5405679e-002  2.4496735e+000
 -8.8876436e-001  6.8104484e-001
 -8.1145193e-001 -1.2054485e+000
  5.4066410e-001 -1.3153747e+000
  1.8914702e+000  1.7983006e+000
 -1.6903655e+000 -1.9724230e+000
 -4.2277256e-001 -1.7403752e+000
 -1.4536643e+000 -1.4311368e+000
 -6.3141906e-001 -2.1641209e+000
  9.3759674e-001  7.7599776e-001
  3.1595337e-001  1.0767512e+000
 -1.3066688e+000  8.2851313e-001
  5.0550569e-001 -2.6779000e-001
 -9.5765737e-001  1.6689124e+000
  5.8721623e-001 -2.6981313e+000
  1.0439867e+000 -1.9079620e+000
 -5.1884218e-001  1.6688154e-001
 -1.5406056e+000  1.4657269e+000
  2.8291675e-001 -2.5845794e-001
  1.5623961e-001 -9.3527032e-001
  8.4939105e-001  1.4575284e+000
  2.1204965e-001  1.4842633e+000
 -1.5525902e+000  7.4565291e-001
  9.8886633e-001  9.1559308e-001
 -6.0848018e-001 -4.0653286e-001
 -5.9421822e-001  2.0942949e-001
 -1.5843972e+000 -6.0402957e-001
  1.9746363e+000 -2.6613564e+000
 -1.4547582e+000 -2.8707096e-001
 -8.1142953e-002  9.7979909e-002
 -9.2261354e-001  2.5819863e-001
 -2.0379345e+000  2.2685901e-001
 -4.0960767e-001 -1.5842699e+000
 -3.0378639e-002  8.8112538e-001
 -2.0796058e-001 -1.3481343e+000
  1.9788788e-001 -7.4501711e-001
 -2.2104127e-001 -7.9504526e-001
 -9.3271988e-001  7.6118743e-001
  1.5668523e-001 -1.1828502e+000
  3.6464377e-001  2.6017289e-001
  6.2454337e-001 -1.2249097e+000
  1.9493710e-001 -1.2033065e+000
  9.6432260e-001  1.2151025e+000
 -2.0195764e+000  1.3555691e-001
 -1.2980657e-002 -8.6727586e-001
  5.2585430e-001 -5.0877170e-001
 -1.3427375e+000 -1.3272240e+000
  7.4977144e-001 -1.6089519e-001
  4.1584580e-001 -3.9125714e-001
 -7.7891450e-001  4.4832910e-001
  2.3068286e-001  1.0819408e+000
 -6.7761363e-001  1.9286730e+000
  1.4930560e+000  5.9274903e-001
  3.3276981e-001  2.4767237e-002
 -3.9866690e-002 -1.4174789e-001
 -8.8693671e-001 -4.5864348e-001
 -2.3246223e+000 -7.0472290e-001
 -4.1979772e-002 -9.2849014e-001
  4.5008149e-001 -4.0427717e-002
 -1.1797934e+000  9.1159235e-001
 -4.6042224e-001 -1.0958708e+000
  1.2147737e-001  5.7943482e-001
 -3.4737064e-001  6.7309459e-001
 -9.6716360e-001  1.1462233e+000
 -3.4886174e-001 -3.8090456e-001
 -1.2216764e+000 -2.7667429e-001
 -7.6212083e-001  1.2807804e-001
  9.3347497e-001  2.3895726e-001
  1.2121841e-001  5.7700341e-001
 -4.5153198e-001  4.8906770e-001
 -1.4337618e+000  2.0698927e+000
  2.1190744e-001  4.9691155e-001
 -2.4433417e-001  1.4524251e+000
 -2.6370681e-001  1.2601004e+000
 -3.7521883e-001  5.0194714e-001
  4.0802543e-001 -1.0781883e-001
 -1.9874512e-001 -2.1281694e+000
  1.7752959e+000 -1.1137969e-001
 -5.8974539e-001 -3.9861860e-001
 -5.2818250e-001 -5.8066253e-001
 -8.8869294e-001  2.3486048e-001
 -8.3085365e-001 -5.0513203e-001
  1.8881897e-001  1.6584219e+000
 -1.2431321e+000 -9.6436076e-001
  1.4768410e-001 -1.8685314e-001
 -1.7214684e+000 -1.4550814e+000
  8.9256936e-001 -1.0022264e-001
  8.1075883e-001 -1.3684425e+000
  8.6476693e-001 -1.3893836e+000
 -9.9915023e-001 -1.2990823e+000
  3.5350734e-001  1.0278135e-001
 -3.0582929e-001 -1.1016395e+000
 -5.8486796e-001 -5.3761835e-001
  1.4793056e+000 -1.5889220e+000
  8.5497276e-001  1.8664492e+000
 -1.7676675e-001  8.5253923e-001
  6.5088914e-001  1.0228642e+000
  2.0062854e+000 -1.3740791e+000
 -2.4249885e-003  7.0155753e-001
 -2.0535604e+000 -4.5293339e-001
 -1.7991853e+000  1.6112401e+000
 -1.4673907e+000 -1.1126987e+000
 -1.2652339e+000  7.2718370e-001
 -3.6334436e-001  1.1101855e+000
  1.8733656e-001 -8.9150110e-001
 -1.5300301e+000  4.6329987e-001
  2.8073784e-001  1.2720654e-001
 -8.0352496e-001 -4.4153665e-001
 -4.8141571e-001 -1.7837318e+000
 -1.8859321e+000  4.1633214e-001
  1.1199546e+000  6.9309401e-002
 -4.7325105e-001  1.1398793e+000
  2.1348998e+000 -2.3621096e-002
  1.0085418e-001 -1.2073806e-001
 -3.2652975e-001  8.5429113e-002
  5.8088937e-002  3.8414191e-001
 -7.6600569e-001 -2.4653305e+000
 -2.2421362e-001  2.4686880e+000
 -1.1181156e+000 -6.7690402e-001
 -7.2232363e-001 -1.2444475e+000
 -6.9795540e-001 -1.6832020e+000
  1.5590212e+000  3.9667579e-001
  2.3907323e+000 -6.8059906e-001
  1.3373994e+000  5.7989008e-001
 -4.6649151e-002 -4.8524899e-002
  1.3653259e+000  1.2758106e+000
  6.8621686e-001 -1.0895284e+000
 -1.4197789e+000  4.8073501e-001
 -1.0503990e+000  6.2724953e-001
  8.4029017e-001  1.0372197e+000
  4.4814560e-001  7.3646289e-001
 -4.2570171e-001 -5.8795519e-002
  9.6986535e-001 -5.3323971e-001
  1.2898100e-001 -6.9555518e-001
 -1.4569907e-002 -6.8508106e-001
 -2.3394575e-001 -2.5405929e-002
 -1.1144530e+000 -1.5540420e+000
  2.1136933e+000  1.8011617e+000
 -2.0843030e-001 -2.2061549e+000
  4.7926101e-001 -2.0120196e+000
  4.7679779e-001  1.1037455e+000
  7.0721251e-001  6.1014740e-001
 -6.2344624e-001 -1.2623413e+000
 -3.9419231e-001  4.4835821e-001
  1.9098997e-001  5.1145103e-001
 -8.5943446e-001 -5.8048218e-001
  1.3333351e+000 -1.4875096e+000
  3.0292569e-001  1.2768848e+000
  9.9697640e-001 -9.7751374e-001
 -1.5401391e-001 -3.7091471e-001
 -1.4138747e+000  1.2252014e-001
 -5.2644333e-002 -1.3988841e+000
 -1.1393885e+000 -3.1194457e-001
 -9.8174456e-001 -2.7194994e-001
  1.4588642e-001  6.4765884e-001
  2.0798929e+000  4.4891375e-003
  8.1771617e-001  1.2243730e+000
  4.5041414e-001  9.2502306e-003
 -1.6904216e+000 -1.3081044e-001
  3.9139017e-001  7.1274614e-001
 -8.4849912e-002  9.5850890e-001
  7.5230058e-002  6.3408084e-001
  1.0183530e+000 -9.5215109e-001
  1.6105455e+000  8.4562635e-001
 -8.2861922e-001  1.0493762e+000
  3.1694667e-001  5.7469013e-001
 -1.0978667e-001 -6.2320613e-001
  1.1927661e+000  1.0195662e+000
  9.9855573e-001  1.2461031e+000
  4.6834074e-001 -5.6196715e-001
 -2.2550915e-001  2.5726035e-001
 -1.1915041e+000  1.4171580e+000
 -2.4033627e+000  5.0590298e-001
  2.4745759e-001  7.4394289e-001
  1.0278127e+000 -1.0343981e-001
  6.9370308e-001 -2.8671181e-001
  1.7092201e+000  2.9571816e-001
  1.2370431e+000 -8.6604766e-001
 -2.0734073e+000  7.8784167e-001
 -8.6194719e-001  3.1173966e-001
 -5.1752571e-001 -1.1652012e+000
 -6.1496272e-001  1.2015161e-001
  9.0489814e-001  1.2659306e+000
 -1.4525701e-001  3.6921211e-001
  9.6938660e-001 -3.1860955e-001
 -2.0520889e+000 -5.5551186e-001
  5.2570189e-001  2.4054866e-001
  1.6647265e+000  5.1768496e-001
 -1.4194829e+000  1.3405416e+000
  1.7867386e+000 -8.6751052e-001
  7.8279502e-002  1.3524783e-001
 -5.1616375e-001  7.6130847e-001
  1.1915264e+000  2.8567775e-001
  2.1460770e+000 -1.9438297e-001
  4.7615031e-001  2.4104691e-001
 -2.1990620e-001  9.9290374e-001
  1.1658720e+000 -1.8936766e-001
  6.5156632e-002  9.9010495e-002
  4.7692453e-001  1.5013427e+000
 -1.2915408e-001  2.4995947e-001
 -6.3329338e-001  5.7253828e-001
 -5.0396119e-001  1.0082833e+000
 -9.7162647e-001  4.4598962e-001
 -9.9796444e-001 -7.5859602e-001
  1.7472263e+000  7.3491820e-001
 -1.9605975e-001 -7.1296311e-001
  3.0783537e-001  5.4677862e-001
  1.1017843e+000  3.4447406e-001
 -7.1115986e-001 -2.4842323e-003
  6.9824328e-001  4.8941455e-001
  3.0383499e-002 -4.4056222e-001
  2.0442059e+000 -1.4611075e+000
  7.2833997e-001 -1.2057109e+000
 -1.7008707e+000 -6.4535333e-001
  1.1815247e+000  1.4659717e+000
  2.7511265e-001  4.3980272e-002
  1.7998097e+000 -1.1579380e+000
 -3.0666616e-001  2.1328289e-001
  1.4523259e-001  1.2786129e+000
  7.8272050e-001 -2.3620283e+000
 -6.8378614e-001 -1.3985377e+000
  4.0654962e-001 -1.3192842e+000
 -1.9961705e+000 -2.2393421e+000
  2.5781972e-001  1.8545289e+000
 -4.7051289e-001  1.1842920e+000
  1.0765529e+000  3.2650846e-001
 -1.4437130e-001 -4.0290181e-001
  2.1502323e+000  6.7356073e-001
  2.9146513e-001  6.2467373e-001
  9.7598385e-001 -1.2901929e+000
  3.4203329e-001  9.3210590e-001
 -6.5503595e-001  8.1132571e-001
  1.7908581e+000 -1.1547306e+000
  3.4257094e-001  1.2602503e+000
  1.5370806e-001 -5.6034269e-001
 -4.8694742e-001 -2.4285949e-001
 -8.8751890e-001  4.8258001e-001
  1.6104097e+000 -8.4370718e-001
 -5.3882053e-001 -1.5492828e-001
  3.1137453e-001 -6.9375633e-001
  6.9956353e-001  9.8434569e-001
 -5.8738767e-001  8.0724212e-001
 -6.0254568e-001 -6.9870074e-001
 -4.3448595e-001  1.3606192e+000
 -4.5359934e-001  9.5608615e-001
  5.5806125e-001  1.3914909e-001
  1.5374029e+000 -3.3513242e-001
  3.9428731e-001 -1.1670986e+000
 -5.8901813e-001 -5.8551650e-001
 -9.9499835e-001  1.8403444e+000
 -7.5202724e-002 -7.3674316e-001
  5.2453521e-001 -2.6604762e-001
 -8.9542846e-001 -5.7003475e-001
  2.8869009e-001  1.7020310e-001
 -9.9658380e-001  1.2917045e+000
 -2.6803737e-001  9.2559973e-002
 -1.2873761e+000 -1.8456306e+000
 -2.1095911e-002  2.1527452e+000
 -7.2446099e-002  9.2634958e-001
  3.3355627e-001 -1.1894652e+000
 -3.3338018e-001  1.4643507e+000
  1.7252176e+000  2.4233328e-003
 -3.0632211e-001 -8.7913557e-001
 -3.5825236e-001  3.8505378e-001
 -1.5005623e+000 -1.0042066e+000
 -2.2056063e+000 -2.5551895e-001
  1.5306326e+000 -1.6547507e-001
  4.7998801e-001  4.2196225e-001
 -2.9596174e-001 -7.8206404e-001
  5.1183021e-001 -1.9885376e+000
 -6.8397267e-001 -1.3911327e+000
  1.1244150e-001 -2.6164407e-001
  5.3482511e-001 -3.4087588e-001
 -1.6628940e+000 -6.3233367e-001
 -8.3153399e-001 -4.0985199e-001
 -1.7838217e+000  3.4286501e-001
 -5.9035276e-001 -1.3129274e-001
 -6.7582118e-001  4.8429230e-001
 -4.0920856e-001 -1.8974570e+000
 -1.4465997e-001 -5.2994244e-001
 -2.1869248e-001  5.2716882e-001
 -9.7344962e-001  1.0432489e+000
  9.2704622e-001 -1.5396332e-001
  3.4331248e-002  4.6791576e-001
  3.0348620e-001  1.3286574e-003
 -9.8840123e-001 -1.8222856e-001
  6.0906710e-001  5.3508810e-001
  5.5926977e-001 -5.7803589e-001
 -2.6098699e-001 -1.0115220e-001
  4.8361554e-001 -2.9431332e-001
 -6.8588148e-001 -9.9445448e-001
  6.9052573e-001  7.2651141e-001
  1.0320431e+000  3.5880935e-001
 -5.0361936e-001  1.2577681e+000
  4.4870737e-001 -3.5050678e-002
  6.9203774e-001  5.3208043e-001
 -4.3454183e-001 -1.1684561e+000
  3.9793672e-001  1.9809158e-001
  4.4553791e-001  4.4253763e-001
  7.4192979e-001 -8.1066546e-002
 -1.2524119e+000  7.0519279e-001
 -3.1699377e-001 -4.4546575e-002
  1.6858609e+000 -1.8023089e+000
  1.2505603e+000  6.3282626e-001
 -6.8636531e-001  6.1985989e-001
 -8.3023812e-001  7.1957408e-001
 -4.6049316e-001  2.4624936e-001
  2.2446333e+000 -8.6083829e-001
 -4.6642627e-001  6.9036193e-001
  5.2484071e-001 -1.5666225e+000
  1.1814871e+000  1.9407081e-001
 -9.2827319e-001 -2.3549615e-002
  8.9143089e-001 -1.1181716e+000
 -6.2809185e-002 -4.6471686e-001
  7.9821583e-001 -6.8429773e-001
  3.3038565e-001  1.2678449e-001
  6.1875949e-002 -1.0509466e-001
 -4.2029799e-001 -1.3968822e+000
 -1.4145443e+000 -6.4915362e-002
  6.0173975e-001  1.6827798e+000
 -1.1011491e+000  1.8359160e+000
 -1.1608820e+000 -6.8634159e-002
  1.1103351e+000  3.0825023e-001
 -8.2471930e-001  2.2697415e-001
 -3.4551262e-001 -1.6189803e+000
 -1.3965092e+000  8.7513759e-001
  3.1850912e-001  1.4748642e-001
  4.9684539e-001 -7.0189668e-001
  3.1386897e-001 -1.1994152e+000
 -9.4742841e-001 -1.9566457e-002
  7.7157273e-001  2.9396029e-001
  2.3651467e+000 -1.1370436e+000
  1.7754899e+000  8.1162702e-002
  6.7384544e-001  2.8812438e-001
  3.3422767e-001 -9.7294207e-002
 -1.7935693e-002 -9.3720171e-001
 -2.0007843e-001 -1.5854572e+000
 -1.8973560e+000  4.6295823e-001
 -2.2947357e+000  3.5107396e-001
  5.2489827e-001  1.0446973e+000
  2.2239953e-001  9.4315608e-001
 -3.3435917e-001 -1.3227662e-001
  1.9850859e-001 -1.0494384e+000
 -2.1310213e+000 -1.6148206e-001
  3.2927253e+000 -2.6641298e-001
 -1.0216889e+000 -8.6597001e-001
  6.3923634e-002 -4.5605248e-001
  8.7992267e-001 -5.5269246e-001
 -9.6703733e-001 -1.3071442e-002
  1.6595880e+000 -2.8353173e-001
  4.1827784e-001 -1.2427337e+000
  9.8319864e-003  4.3008489e-001
 -4.9601896e-001  1.3292961e+000
  4.2971316e-001  8.6398053e-001
 -5.7487395e-002  2.7217167e-001
  1.5767749e-001 -5.9969127e-001
 -5.3041878e-001 -2.4331774e+000
  6.4250949e-001  7.0361919e-002
  1.9233414e+000 -3.4895931e-001
  2.9687446e-001  5.7176725e-001
  1.9163083e+000  1.9350271e+000
 -1.1638029e+000  8.9699018e-001
 -3.1603556e-003 -1.1806070e+000
  1.5703893e+000  3.4643666e-001
 -3.6320389e-001  9.8277689e-001
 -9.5310724e-001 -8.9807475e-001
 -2.3577489e-001  6.1037207e-001
 -5.4073165e-001  1.9500545e+000
 -4.7470794e-001 -1.0965093e-001
 -4.2999182e-001  6.0230884e-001
 -9.0974337e-001 -9.9243595e-001
  7.0385532e-001 -1.5316779e+000
  1.2114432e+000 -6.2822415e-001
  1.1444199e+000  7.9571630e-001
  3.3076976e-001 -2.3668646e-002
 -7.8755229e-001  1.4636186e+000
  5.1993620e-001  4.4972254e-001
 -6.2741562e-002 -4.2642921e-001
 -8.1269279e-002 -8.8672342e-001
 -2.5515511e-001  1.4912461e+000
 -4.7804761e-003  4.5531827e-002
  9.9517548e-001  9.5097575e-001
 -2.0485829e-002 -9.0802682e-001
 -8.4118889e-001 -9.2580480e-001
  2.4438977e+000  2.5896942e-003
 -3.1012460e-001  2.2211850e+000
 -2.3649530e-001  3.0913463e-001
 -2.4886329e-001 -2.4456209e-001
 -1.1864425e+000  4.0317392e-001
 -2.9155753e-001 -1.5938192e+000
  1.0715600e+000  4.3034062e-001
 -1.7515784e+000 -8.1349908e-001
 -1.4841272e+000 -1.4492159e+000
 -2.3806670e-001  7.5874979e-001
 -1.3980707e-001  2.4962771e-001
 -1.7960606e+000  6.1816722e-001
  1.1241242e+000 -1.9522761e+000
 -3.2945814e-001  3.8428236e-001
  2.2143721e+000  7.9254863e-002
  1.3772277e+000  1.7658679e+000
 -1.2235332e+000  1.4439720e+000
  3.6634301e-001 -1.1466843e-001
 -1.1060018e+000  1.4793784e-001
  2.1221558e+000  1.8107357e-001
  5.6860420e-001  2.6391110e-003
  2.1082396e-001  1.5632804e+000
  1.8600917e+000  7.3028928e-001
 -1.5565126e+000  7.3049275e-001
 -3.5559870e-001  2.2259571e+000
 -1.8225147e+000 -1.0084958e+000
 -6.1801339e-001  2.8110960e+000
 -6.1864002e-001 -1.7018854e+000
 -1.9973701e+000 -6.7134601e-001
 -8.5455641e-001  2.6887323e+000
 -5.6721721e-001  8.5805509e-001
 -9.7953135e-001  5.2599489e-001
 -1.0940636e+000 -1.0771405e+000
 -1.0833531e-001  3.9838753e-001
 -2.0205430e-002 -2.1983573e+000
 -7.4814391e-001 -1.0876924e-001
  2.0474521e+000 -7.9503033e-001
  1.1514617e-001  1.7508923e-001
  9.3253009e-001  1.3878906e+000
  1.3399759e+000  3.3408084e-001
  1.7432181e-001  4.5407603e-001
 -7.3111854e-001  5.7393904e-001
  7.8108712e-001  5.6535135e-001
  3.3453136e-001 -7.4239944e-001
 -6.3244561e-001 -3.9811678e-001
  2.1802130e+000 -8.8943277e-001
 -7.4324858e-001  1.4143083e+000
  7.2933330e-001  2.7417010e-001
 -6.9063585e-001  1.9910924e-001
  6.6932462e-001 -2.6243838e-001
 -1.8255282e+000 -8.6887329e-001
  1.5029360e+000  1.1893084e+000
  1.1609360e+000 -2.0396894e-001
  1.7109775e+000 -3.2644307e-002
  2.1502453e-001  4.2120236e-001
 -1.5311200e+000  2.9381557e+000
 -6.8755797e-002  8.8519639e-001
 -6.6170697e-001  5.8360494e-001
  1.3773363e+000  1.5217764e-002
  4.3592153e-001 -9.6700599e-001
 -1.4457283e+000  7.5913775e-001
  3.5922765e-001 -7.4692823e-001
  5.9981709e-003  1.5815900e+000
 -3.2910924e-001 -5.8024929e-001
 -2.0567537e+000  1.2649338e+000
  1.9153792e-001  8.0086521e-001
  8.0337339e-001  4.4490566e-001
 -1.1302255e+000 -1.4074363e+000
 -2.3962782e+000 -7.4908149e-001
  1.5449906e+000 -4.6953578e-001
  2.8551335e-002  2.4129612e-001
  8.9659572e-001  2.0323700e-001
  2.0527704e+000 -6.0799964e-002
  4.3797497e-001  9.5049787e-001
  7.1248902e-001  8.8426496e-002
  3.1325294e-001 -5.1761475e-001
 -2.4579606e+000  9.9950910e-001
  3.6741299e-001  1.7863886e+000
  4.7816889e-001  5.1743446e-001
 -7.4324663e-001  1.4361209e+000
 -3.0275917e-001 -1.3075148e+000
  6.0537170e-002  9.2755171e-001
 -3.6283608e-001  1.1267746e-001
 -1.1907725e+000 -2.6407200e+000
 -2.5586913e-001  2.9161479e-001
 -1.8091109e+000 -1.6083243e+000
 -3.2359404e-001 -1.5872135e+000
 -2.9423057e-001 -1.6259346e-001
  5.0263152e-001 -1.1688144e+000
 -6.6988312e-001 -2.1538093e-002
  1.7733702e+000  9.1972759e-001
  1.1293951e+000 -1.2286050e+000
 -2.3276992e+000 -8.4558460e-001
  1.5024715e-001 -4.4359828e-001
 -1.2821867e+000 -4.5433886e-001
 -1.0958241e-002  9.7893981e-001
  8.3893899e-001  7.6898245e-001
  1.2196925e+000  1.2661034e-001
 -3.1877527e-001 -6.2985291e-002
  2.6449273e-001  2.1538160e+000
  7.1349767e-001  2.8212849e-001
 -1.3711573e+000 -1.9613847e-001
  1.0728603e-002  1.7047139e+000
  6.4483208e-001  1.3019358e+000
 -9.4316519e-002 -3.2792769e-001
  1.0274878e-001 -2.1544603e+000
 -5.7503124e-003 -3.9519204e-001
 -1.7381945e-001 -1.6467520e-001
  1.6081754e+000 -1.1080545e+000
  1.7746944e+000 -1.0160395e-001
 -3.6685282e-001  3.6622299e-001
 -7.1687905e-001 -1.2563321e-002
  6.6573408e-002 -1.1880654e+000
  6.7507053e-001  7.0874094e-001
 -2.7236057e-001 -8.1800084e-001
  3.1538704e-001 -1.2125947e+000
  1.2240147e+000  1.1723425e+000
 -1.0368446e-001  1.4540165e-001
 -4.0920275e-002  6.9462226e-001
 -1.9533247e+000 -9.9307492e-001
 -7.9448690e-001 -5.6612940e-001
 -1.0732680e+000 -7.8575851e-001
  2.5347304e-001  2.1861450e+000
 -6.2615117e-001  8.5518612e-001
  3.9329680e-001 -1.6928553e-001
  9.0597132e-001  5.8716812e-001
  1.9947745e-001 -6.7892699e-001
 -1.0693775e+000 -9.4541082e-001
 -1.5706754e+000  2.5807179e-001
 -3.6883281e-001  1.8078707e-001
  4.4762194e-002 -2.6976095e-001
 -2.1697809e-001 -1.7902231e+000
  1.4372535e+000  8.2873963e-001
  6.7748223e-001  3.7577632e-001
 -3.5480432e-001 -1.1451464e+000
  3.2155655e-001 -2.4030255e-001
  1.7154357e+000  3.3603808e-001
 -1.9860927e+000 -9.0120820e-001
  1.0406137e+000 -1.0873665e+000
 -4.2614767e-001  1.5169118e+000
 -1.2274969e+000 -1.0612935e+000
  1.3151984e+000  6.9669375e-001
  8.3434370e-001 -1.6932145e-001
 -1.2814312e+000 -4.5623255e-001
  8.0210355e-001  8.3350910e-001
 -2.8327489e-001  5.9462165e-001
 -1.3930664e-001  6.9668151e-001
 -8.7862753e-001 -6.0804874e-001
 -7.3720378e-001 -1.4185331e+000
 -8.5254031e-001  1.6558544e+000
  1.4388619e+000  1.0987489e+000
 -5.8047495e-001  3.5872198e-001
  8.1216079e-001 -2.0643616e+000
  5.8201355e-001  2.2454269e+000
  4.6954882e-001  7.9179402e-001
 -1.6296884e+000 -1.0114144e+000
  9.5778976e-001  7.0280305e-001
 -1.6421497e+000 -1.4303557e+000
  3.1399976e-001  6.9290584e-001
  2.8409693e-001 -8.1467720e-001
 -1.4188242e+000 -1.6432656e-001
 -3.1079682e-001  1.0089995e+000
 -5.1511208e-001  1.5686157e+000
 -1.0396736e+000 -9.6870273e-001
 -1.0946413e-001 -7.7934377e-001
  1.8121196e+000  1.2275742e+000
  1.3628599e+000 -4.6203862e-001
  1.6499555e+000 -9.0738503e-001
 -4.9533292e-001  6.8209348e-001
  4.0930091e-001 -1.0484044e+000
  8.6330506e-001 -9.3318029e-001
  1.3210091e-001  7.9970106e-001
  1.8382163e+000  1.5074777e+000
 -5.0434934e-002  1.5838254e+000
  9.7851378e-001 -1.5594959e+000
  1.6863959e+000 -8.2408120e-001
  8.5663976e-002 -2.0808940e+000
  7.7716496e-001 -3.4628198e-001
 -2.3658763e-001 -5.2359314e-002
 -1.4776090e-002 -2.2259568e+000
 -4.1884543e-001 -1.0377561e+000
 -1.5820376e-001  1.3674388e+000
 -4.2703766e-002 -8.0499678e-001
 -7.6360225e-001  1.1305863e-001
  2.0036164e+000 -1.5362480e+000
 -1.3883779e+000 -1.8779623e-001
 -2.6753648e+000  8.1744756e-001
 -7.8504009e-001 -2.9200034e-001
  2.4515514e+000  4.4621809e-001
  4.5406305e-001 -6.0182124e-001
  4.3712582e-001 -9.7012730e-001
  1.0117872e+000 -1.2438388e-001
 -3.8136191e-001 -6.8511299e-001
 -5.4602408e-001  7.5041111e-001
 -8.8417103e-001 -1.1280009e+000
  1.0603558e+000 -7.1751604e-002
 -3.2652438e-001 -7.0516005e-002
  3.6788530e-002  3.4524855e-001
  7.2320247e-001  1.2508513e+000
  8.8417212e-001  1.1101951e+000
 -3.4167653e-001 -4.1657240e-001
 -9.9128245e-001 -1.3329793e+000
 -1.9639585e+000  1.0554784e+000
 -8.5636716e-001  1.0931792e+000
 -2.2144777e+000  5.7227192e-001
  1.0960476e+000  8.6198955e-002
  1.2417800e+000 -1.2695153e+000
 -6.2174580e-001  1.2409187e+000
  4.7156128e-001  3.2265963e-001
 -3.7717779e-001  6.8990243e-001
  6.5361417e-001 -5.4589715e-001
  1.5905126e+000 -1.8533264e-002
 -3.9596340e-001  4.4641748e-001
  7.8195338e-001 -7.2699929e-001
  1.1018614e+000  6.8447841e-001
  5.0617587e-001  5.2746733e-001
 -6.5877228e-001  9.6762916e-001
  5.1962822e-002 -5.0378014e-001
  9.7331500e-001  2.6869659e-001
 -1.4178599e+000  2.6180106e-001
  1.0611581e+000  9.2332292e-001
 -1.1541454e+000 -1.5003243e+000
 -4.0997880e-001 -9.3061103e-001
 -3.6709679e-001  7.1838979e-001
  8.2843886e-001  1.0260987e+000
  7.0457660e-001  9.1879756e-001
 -2.0756812e-001  1.4126179e-001
 -8.8010091e-001  1.3811880e+000
  8.6214733e-001 -1.6367293e+000
 -1.4077627e+000  1.7588771e-001
  1.8296567e-001  8.9510986e-001
  1.2569536e+000  6.7209692e-001
 -3.9448614e-001  2.0663342e-002
 -2.2821688e-002  7.6586400e-001
  1.2883213e+000  5.9624666e-002
  1.9344500e+000  1.6898034e-001
  6.8018694e-001 -7.3476653e-001
  1.0894174e+000  1.5418957e+000
  4.9384728e-002  4.8362269e-001
 -4.2421723e-001 -3.9459156e-001
 -1.4707835e-001 -9.0333996e-001
  1.8479909e+000  1.3402841e+000
 -3.9661394e-001 -5.4365248e-001
  4.8687437e-002 -1.8716457e+000
 -2.2648508e+000  1.1720798e+000
  6.0515492e-001  1.5661359e+000
  6.6209922e-001 -2.2835417e-001
  1.5157260e+000 -2.0679723e-001
 -5.1762950e-001  1.4685908e+000
 -1.2008205e-002 -1.3829313e+000
  1.4700051e+000  4.2943632e-001
  5.9609080e-001  3.5135306e-001
  1.3063681e+000  1.1466185e+000
 -2.2634671e+000  1.0918873e+000
  2.6012826e-001  1.9696427e-001
  1.1313325e+000  3.2361569e-001
  8.0920494e-001 -5.8499473e-001
  1.0884473e+000  2.1232034e+000
  2.1525622e+000  1.0301790e-001
 -2.0467852e+000  8.7267227e-001
  1.6608807e+000  6.3856256e-001
 -1.9673558e+000  1.8293319e-001
 -3.1473477e-001  4.9191805e-002
 -2.0707933e-001 -3.1188977e-002
  1.1517951e+000 -9.8707859e-001
 -9.1722339e-001 -8.2433398e-001
 -7.9090589e-002 -3.4759859e-001
  1.7005958e+000  4.5883565e-001
  1.4848858e+000  1.2042395e+000
 -2.4494662e+000 -1.4368468e+000
 -1.1700897e-001 -7.7883369e-001
  1.7480635e-001  2.5220903e-001
  7.8284807e-001 -3.8920522e-001
  2.0029646e+000  1.1656942e-001
 -5.9971301e-001  3.6166265e-001
  1.3574769e+000  2.2492934e+000
  8.1946857e-001  1.0336954e+000
  1.5062962e+000  7.7400729e-001
 -1.0553483e+000  3.9026721e-001
 -1.1178147e+000 -6.8406302e-001
 -3.5186018e-001  6.9964912e-001
  2.5493668e+000  9.9075748e-001
  5.6748215e-001 -8.9211024e-001
 -1.6833653e+000 -1.1524841e+000
  4.0266660e-001  6.3984135e-001
 -2.5244489e+000 -7.8678558e-001
  1.7762867e-001 -7.3947127e-001
 -8.6085420e-001 -7.1605819e-001
 -9.3005234e-001  1.4814295e+000
 -5.5672073e-001 -5.6812999e-001
  4.2679267e-001 -1.5329368e+000
  8.1364279e-001 -2.0354134e+000
 -2.0604000e+000  1.3852499e+000
 -2.1729277e+000 -8.2605294e-001
  6.8066942e-001 -1.6444539e-001
 -4.2225118e-001  3.6907420e-001
 -2.2030648e+000  3.8804545e-001
 -4.8051556e-002 -4.5154499e-001
 -3.6945117e-001  9.3922381e-001
 -4.1674876e-001 -9.5905019e-001
  6.2941327e-001  6.6692635e-001
  1.3536983e+000  3.4949470e-001
  1.0782504e-001  7.6741341e-002
 -3.9401571e-001  1.6653373e-001
 -1.4577108e+000 -6.7625704e-001
  7.5258689e-001 -2.0549604e+000
  9.0582036e-001  4.7190111e-001
 -7.8205734e-001 -1.1959356e+000
  4.8493645e-002 -7.3507192e-001
 -6.5218635e-001  1.7438919e+000
  1.3936432e+000  7.5458572e-001
  2.0494186e+000 -1.2097553e-001
  4.0738353e-001  1.7031087e-001
  1.0970418e+000 -3.8647318e-001
 -7.9228077e-001 -1.7297333e+000
 -1.6140710e+000 -2.3575394e-001
 -2.0859145e+000  1.4644881e+000
 -1.6291226e+000 -2.3032805e+000
  7.9353033e-001 -1.6685928e+000
 -4.1740348e-001  1.5506506e-001
  1.7836956e-001  1.0075126e+000
  5.0980037e-001 -2.1771031e-002
  2.1863405e-003  1.3386599e+000
  5.8967543e-001  1.9561069e+000
  6.2231717e-001  1.0863129e-001
 -4.9277297e-003  1.2436420e+000
  1.2632252e+000 -4.1307554e-001
 -5.4456914e-001  3.6234174e-002
 -7.6787875e-001  3.4734667e-001
 -1.2069098e+000  2.4217905e+000
  1.8142611e+000  1.8100788e+000
  2.2964743e+000 -6.6390187e-001
 -1.7487699e+000  1.9951140e+000
 -2.2905757e-001 -1.0473803e+000
  1.4821017e+000  6.6957669e-001
 -9.5997973e-001  6.7368701e-001
  1.3863588e+000  1.4752989e-001
  1.8603810e+000 -5.5199303e-001
  1.0322176e+000 -5.5637506e-001
  1.5438154e-001  9.1559866e-001
  2.2632386e-001  7.9709320e-001
  8.4074510e-001 -5.7403404e-002
 -9.2046111e-001  7.1728226e-001
  1.0839730e+000 -3.7972751e-001
  9.6866023e-001 -5.8116521e-001
 -9.9613886e-001  1.0898816e+000
  3.4064739e-001  1.1065159e+000
  5.3869711e-001  1.5658079e+000
  1.6199793e+000 -1.1367470e-001
 -2.7072401e-001  1.3936421e+000
 -1.0221935e+000  1.0150275e+000
  2.3878177e-001 -9.9361909e-001
  2.0180767e-001 -3.2635110e-002
 -5.2945972e-001  1.3901049e-001
 -1.9211457e+000  1.1816341e-001
  5.4549529e-001  8.1151213e-001
  3.5742870e-001  2.6945536e-001
 -4.6009556e-001 -4.0103932e-001
 -1.2386309e+000 -8.4030383e-001
 -1.4536415e+000  7.2202819e-001
 -8.4674107e-001 -1.0425753e+000
  3.7160918e-001  9.1278534e-002
 -3.2277772e-001  9.7102919e-001
 -1.6358584e-002 -2.4323393e-001
 -1.1128016e-002  1.0273063e+000
 -6.8329994e-001  1.4850207e+000
 -3.5132522e-001  1.4523317e+000
 -4.1401107e-001 -1.3632020e+000
 -8.9022591e-001  2.0655585e-001
  5.8732178e-001  3.8661583e-001
 -1.3369265e+000 -7.7755803e-001
 -1.5156038e-001  1.3365929e+000
  1.4498173e+000 -1.7610141e-001
  1.4836114e+000  2.0637922e+000
 -8.9175491e-001  3.9935661e-001
  8.8991354e-001 -1.3007412e+000
  3.0395814e-002  1.6988770e+000
  1.0124412e+000  7.3895103e-001
  7.5205039e-001 -2.3376127e-001
 -5.6779753e-001 -5.0158671e-001
 -3.4003680e-001  1.1899902e-001
  3.2481805e-001 -5.9873525e-001
 -1.3038058e+000 -1.4460205e+000
  5.8487274e-001 -6.7024179e-001
 -1.3685022e+000  9.0827101e-002
  9.3084645e-002  1.0345995e-001
 -9.3090639e-001 -1.7327468e+000
 -1.3685872e+000  1.0800971e+000
 -1.6644833e-001 -1.7442282e-001
 -8.5952138e-001  2.0830879e-001
 -9.6146329e-001  2.2136406e+000
  8.0781421e-002  1.1056699e-002
  3.4618715e-002  4.0485458e-001
  1.6119044e+000  6.2239740e-001
  3.6772785e-001 -2.0864359e-001
 -7.2118711e-001  3.3121357e-001
 -1.4697178e+000  7.3295787e-001
  4.0993119e-001  2.2722554e-001
 -8.2272980e-001 -3.2819735e-001
 -3.2023792e-001 -6.3876281e-001
  1.2194756e+000  9.0805534e-001
  2.1464369e+000 -9.5427759e-001
 -5.0193142e-001  3.4022617e-001
  1.1444230e+000  6.5995706e-002
 -1.1203680e-001 -8.2085798e-001
 -1.2864736e+000  5.1223462e-001
 -7.2788263e-001 -3.4633521e-001
 -2.5207598e-001 -5.5462427e-001
  7.4330748e-001 -8.2436493e-001
  6.7179488e-001 -1.8705061e+000
  4.5053763e-001 -3.9818628e-002
  1.1604702e+000 -1.8266480e+000
  2.3855312e+000 -2.4656248e-001
 -7.0646527e-001  1.3399060e-002
 -1.4695396e+000 -7.7631962e-002
 -2.0440347e-001 -7.5365618e-001
 -1.4377639e+000  1.0169645e+000
  1.7380905e+000  6.8896613e-001
  5.4622562e-002  1.0327876e+000
 -9.6200567e-001  1.1580484e+000
  1.2349072e+000  1.5641415e+000
 -7.0836068e-002  7.6620911e-001
  4.5903852e-001  1.0373915e-001
  1.0299016e+000 -1.3860241e+000
 -5.9890234e-002  2.8729208e-001
 -6.5004974e-001 -5.6329792e-001
 -1.0236417e+000 -5.1314870e-001
 -1.3508543e+000 -4.0586421e-001
  8.2544988e-001 -1.7602626e+000
  1.5108756e-001 -1.3468222e+000
  2.2524376e+000  2.0502942e-001
 -3.0447667e-001  3.7810928e-001
  1.8574421e+000 -3.4841320e-001
 -4.1841236e-001 -2.2920340e-003
  1.0717876e+000 -1.1103065e+000
 -5.3580308e-001  9.0794702e-001
 -1.1676865e+000  1.5007834e-001
  2.4045152e-001  6.3581744e-001
  6.2530125e-001  8.9084230e-001
 -2.3035447e+000 -8.2597248e-001
  1.1544472e+000  1.1714523e+000
  3.2307988e-001 -1.9386790e-001
 -4.5792187e-001 -1.3169858e+000
 -1.2342381e+000 -1.1508249e+000
 -1.2656533e+000 -2.5204876e-001
 -6.8790079e-002  1.5184065e+000
  2.2037427e-001  1.9008119e+000
  1.3265798e+000  1.3088098e+000
 -1.7970621e+000 -1.5381962e+000
  1.2459824e+000  5.7725428e-001
 -8.3940010e-001  6.0891365e-001
 -7.4539675e-001 -1.4277024e+000
 -1.3475010e+000  2.8241708e-001
 -3.8615598e-001 -9.7785008e-001
 -3.0394508e-001  3.7175202e-001
  1.9128412e-001 -2.9896764e-003
 -2.1197569e-001  5.9292035e-001
  3.6548084e-001 -1.2533382e-001
 -1.5283840e+000  3.4695670e-001
 -5.1417240e-002 -5.2407919e-001
 -7.5577679e-001 -1.0392715e+000
 -2.5340565e-002 -7.7406179e-001
  1.9186733e-001 -2.8918769e-001
  1.0856908e+000  1.6373660e+000
 -7.9291149e-001 -1.5439053e-001
 -1.0947437e+000 -6.4586650e-001
  2.9559534e-001 -1.8505852e+000
  2.3080796e-001  8.1369292e-001
 -5.8590553e-002 -9.7564873e-001
  9.4089793e-001 -4.2502956e-001
  9.7605576e-001  2.3146808e+000
  2.0108127e+000  6.2990800e-001
 -1.3761564e+000  6.6355028e-001
 -1.9047324e-001  1.4834736e+000
  8.4831720e-001  3.1910792e-001
 -1.2097858e+000 -7.7738051e-001
  1.8064387e-001 -3.5460163e-001
 -5.9863528e-001 -5.2706090e-001
 -2.3514047e+000 -7.8291538e-001
 -2.1398237e+000 -6.8729481e-001
 -1.3771343e+000  2.0855873e+000
  5.4238340e-001 -9.9238690e-001
  7.2490896e-001  3.7663891e-001
  8.3956302e-001  2.7155684e-001
 -4.2553793e-001 -1.6064796e+000
  3.1179418e-001 -2.0222840e-001
 -7.1439549e-001  1.1585541e+000
  1.6976085e+000  3.8634368e-002
  8.7416674e-001 -8.8221430e-002
  1.0953355e+000 -8.3214139e-002
 -1.0750194e+000  2.2462562e-001
  1.5915672e+000  1.1841929e-002
  4.0508129e-001 -1.1053522e-001
  1.3356836e+000  8.4624808e-001
 -3.0930705e-001 -2.7181563e-001
 -7.4267417e-001 -3.0353416e-001
  7.0895909e-001 -1.2510200e+000
 -1.0183073e+000  5.0921623e-001
  1.1439830e+000  7.5057249e-001
 -2.6842697e-001 -8.2347551e-001
  1.3308182e+000 -3.6394504e-001
 -3.7099928e-001  5.2332696e-002
  1.4833289e+000 -1.3001654e+000
 -2.8702100e-001 -8.7862885e-001
  9.9314412e-001  4.7188942e-001
 -1.2258532e+000  1.9809948e+000
  6.4462291e-001  9.3054030e-001
  1.3014478e+000  6.3881060e-002
 -1.2565132e+000  1.3300910e-001
 -1.0235714e+000 -2.0388556e-001
 -1.0261210e-001 -1.2052115e+000
  6.9351276e-001  2.9586869e-001
 -2.6221403e-001  7.9936081e-002
  7.1185412e-001  6.8297705e-001
 -3.0824444e-001  3.2614294e-001
 -2.0101180e+000  6.5592139e-001
 -2.6970850e-001 -5.3469622e-002
  2.5798596e-001  8.7775484e-001
 -8.1149399e-001 -8.6426715e-001
  1.8203478e+000 -7.8413797e-001
  4.2896213e-002 -7.1898932e-001
 -8.2930205e-001  3.7214198e-001
 -7.8686242e-001 -1.1739559e+000
 -7.0844743e-001 -2.6983701e-001
 -1.3959687e+000 -5.7262176e-001
 -2.8123575e-001 -6.3935709e-002
 -7.6547736e-001 -8.6958027e-001
  3.0467009e-002 -1.6439539e-001
  1.8726790e-001  1.9636808e+000
 -1.6161352e+000 -1.7471728e+000
  3.7713803e-001 -3.1867795e-001
  4.4526851e-001 -1.6267525e+000
 -1.7244040e+000  8.9718813e-001
 -1.0573129e+000  2.2157032e+000
 -1.2949375e+000  1.5072276e+000
 -1.7797375e+000 -1.9190838e-002
 -4.8619313e-002  2.1303036e+000
  4.4092846e-001 -2.7190522e-001
 -1.6579939e+000  1.4144814e-001
 -1.2816659e+000  8.6268457e-001
 -1.2650433e+000  1.4760742e+000
 -7.6362459e-001  1.3826095e-002
 -2.9642359e-001  2.8237724e-001
  7.2606293e-001 -2.2322626e+000
  1.4799345e+000  2.6954694e-001
  1.0134478e+000  2.8973575e-001
  3.7307215e-001  1.7841255e+000
  2.5250776e-001 -8.9134459e-001
 -2.5729051e+000  1.0502551e+000
 -1.4691169e+000 -9.4550347e-001
 -1.7715462e-002  9.2747214e-001
  3.9666521e-001  1.1648847e+000
  5.9892337e-001 -2.1063414e+000
  8.7402485e-002  5.3148815e-001
  7.8035787e-001 -7.9589220e-001
 -9.7917595e-001  6.6071086e-002
 -6.2814959e-001  6.9485295e-001
 -3.5550743e-001 -6.2366277e-002
 -1.9524976e-001  8.0046737e-001
  4.4348971e-001  1.5155051e-001
  9.2755653e-001  1.3080788e+000
  1.0421366e+000 -6.6603376e-001
  1.0516128e+000  5.7870182e-002
  3.6351971e-001 -3.8696970e-002
  7.6978641e-001 -1.1004470e+000
  5.1942023e-001 -7.9006157e-001
 -3.6864859e-001 -2.3403866e-001
  2.0040910e-001  8.4367017e-001
 -4.4629020e-001  9.1501600e-001
  2.7457302e+000  1.1679328e+000
  8.0465544e-001 -2.0688173e+000
 -4.2156083e-002  4.4847132e-001
 -6.7961015e-001 -4.9078293e-001
 -1.4624606e+000  7.8995535e-001
  3.2629497e-001 -8.4978997e-001
 -1.2087867e+000  1.4107415e+000
 -1.7807526e-001 -6.4671460e-001
 -2.2415400e-001  9.7502136e-001
  1.6409430e+000  7.6673865e-001
  1.5879028e+000 -4.2801428e-001
  6.0304458e-001  1.1412869e-001
  4.3901294e-001  1.2282104e+000
  2.5882266e-001  1.7382295e+000
 -1.3420812e+000  2.2233061e-001
  3.8344287e-001 -1.5008433e+000
  6.5989774e-002  1.9062192e-001
  1.5651209e+000  1.5404887e+000
  1.1777748e+000 -9.5863398e-001
 -1.5983656e+000  2.0978848e+000
 -6.3784703e-001 -7.5886671e-001
 -1.9400318e+000 -3.6424536e-002
  2.2823631e+000 -1.2972762e+000
 -2.6079353e-001 -8.4676935e-001
  5.3416572e-001 -9.0564508e-001
 -1.9262652e-001  8.9082855e-001
 -6.0024049e-001  2.5276811e+000
  1.5176164e+000 -4.6546556e-001
 -1.1387773e+000 -6.3044317e-001
 -1.1790644e+000  6.6396944e-001
  1.4063818e+000 -3.7374294e+000
  8.9166868e-001  9.0105652e-002
  2.2029578e-001  1.1824855e+000
  1.0573100e+000  1.2532426e+000
 -5.6499606e-001 -6.3317117e-001
  2.4874557e-003  6.7768424e-002
 -3.4919432e-001 -1.6543161e-001
 -2.5525069e-001 -1.7583661e+000
  1.4787780e+000  1.0826916e+000
 -8.6489828e-001 -1.2512471e+000
  4.4086611e-001  9.0908772e-002
 -9.7037084e-002  3.0676011e-001
 -2.1618588e+000 -4.0968335e-001
 -1.8293949e+000 -1.3881280e+000
  2.9916237e-001  2.5425735e-002
 -8.7743832e-001  1.4177111e-001
 -1.1813675e+000 -1.3303518e+000
  2.2916097e+000  1.0143127e+000
  2.0820518e+000  7.0714838e-001
  4.2010449e-002  2.2418364e-001
 -8.4755027e-001  7.7950784e-001
 -2.2674121e-001  4.6055280e-002
  2.2519548e-001  5.4479246e-001
 -1.6650458e+000 -1.5522998e+000
  5.5410896e-001 -1.4907975e+000
  1.0558338e+000 -1.1447826e+000
 -1.8887583e-001  6.1756780e-001
  2.2397800e+000  4.9106388e-001
 -4.3533965e-001  3.7835144e-002
  2.1500883e+000  3.8163982e-001
 -1.9543804e+000 -6.7857810e-001
 -4.5866044e-002 -2.4067231e-001
  1.3916793e+000  4.1867064e-001
  1.9512935e+000 -2.6244369e-001
 -3.1459238e+000 -5.6371673e-001
  1.4079735e-001 -5.2826506e-001
 -1.2752989e+000  4.1599507e-001
  7.5905978e-001 -1.5726708e+000
 -6.5547032e-001  7.6890611e-001
  2.9446388e-001  3.1376262e-001
  2.5766849e-001 -1.6068828e-001
  3.6838275e-001 -7.0245768e-001
  8.9721203e-001  2.8447623e-001
  6.9834345e-001 -1.8848764e-001
  3.0705861e-001  2.0672855e-001
 -7.9850321e-001  1.4631632e-001
 -1.0271250e-002  6.1476047e-001
 -4.1800967e-001  9.3639242e-001
  2.1750876e+000  8.0435436e-001
  1.0980752e+000 -3.9226496e-001
  2.2497701e+000  5.1034978e-001
  1.1019950e-001  1.8549053e-001
 -1.4166078e+000 -6.2431410e-001
 -9.1820703e-001 -1.9748852e-001
 -1.7313769e+000 -7.6311719e-001
 -5.7426494e-001 -1.0908804e+000
 -1.0147569e+000  1.8894024e-001
 -9.0324687e-001 -1.9956775e+000
 -2.7205744e-001 -3.9607312e-001
  2.2577158e+000  1.6117721e+000
  2.0141319e-001  4.4984824e-001
 -7.7223148e-001  1.0688881e+000
  9.7469184e-001  3.8729814e-001
  9.5006466e-001 -9.3543099e-001
 -7.4404663e-001 -2.5833391e+000
 -1.0875026e+000 -5.9961940e-001
 -7.9400892e-002  1.8102950e+000
 -5.2239647e-001  7.9432882e-001
  4.1653859e-001 -5.1945814e-001
  8.8831351e-001  5.6188188e-001
 -1.7789597e+000  7.3956792e-001
 -8.2432681e-001  6.6638391e-001
  2.2603734e+000  1.3229341e-001
 -4.6304402e-001  6.7109032e-001
  7.5711653e-001 -8.6729072e-001
 -6.8022982e-001  3.3346169e-001
 -4.1291651e-001 -6.8321369e-001
 -2.6465214e-001 -6.5512837e-001
  2.7533715e-001  1.3066402e+000
 -7.1732661e-001  6.2081401e-001
 -2.5305592e-001 -5.6822447e-004
  7.8966843e-001  1.2953043e+000
 -4.7833802e-001  3.2090967e-001
 -3.1870484e-001 -4.7489853e-001
 -4.1842075e-001  7.1817145e-001
 -1.8828146e-001 -4.7454438e-001
 -7.1636314e-001 -2.0725159e-001
  8.5339070e-001  1.7488716e+000
  1.2306129e+000 -5.3396333e-001
  1.7471946e-001 -1.1650604e+000
  6.0353730e-001 -1.1203825e+000
 -1.0759684e+000  1.8556310e-001
 -1.9392523e-001 -6.2736932e-001
  1.6606376e+000  1.4980174e+000
  7.1166254e-001  1.4367280e+000
  1.0929568e+000 -6.1505294e-001
  2.4323587e-001  1.0886174e-001
 -1.3939169e+000  5.7667808e-001
 -5.0171534e-001  1.9913538e-001
 -1.0151236e+000  6.0669380e-002
 -1.4285781e-001 -6.0735387e-001
 -1.6388897e+000  9.5347930e-001
  5.8266211e-001  8.1435214e-002
  7.9927071e-001 -7.5796592e-001
  2.3094306e-001  8.3854774e-001
 -1.0383470e+000  1.6498974e-001
  5.8744046e-001  1.7796916e+000
 -4.4661827e-001 -8.1163625e-001
 -8.2786686e-001  2.3312857e-001
 -5.9679773e-001 -4.2318368e-001
  7.1692946e-001  9.6594300e-001
  1.4003158e+000  6.6768032e-001
  1.1534645e-002 -1.9974020e+000
  4.2063539e-001 -1.0744017e+000
  3.0569072e+000 -1.9912285e+000
  1.3495305e+000  1.6560288e+000
  1.0786819e+000 -4.9752145e-001
 -9.8991917e-001  2.1894555e+000
 -1.2979568e-002  3.8903128e-001
  9.6264602e-001 -8.9133355e-001
 -3.9072282e-001 -8.0940840e-002
  7.0388407e-001 -7.7760800e-001
  5.3566226e-001  2.5796745e-002
  1.5441974e+000  8.3888676e-001
  1.1785578e+000 -4.2023207e-001
 -2.3357893e+000  1.0013386e+000
 -1.2618944e+000 -8.3602742e-001
  1.5545296e+000  4.3516423e-002
  6.2739409e-001 -8.3186367e-001
  7.0811851e-001  1.6531343e+000
  6.0392236e-001  4.5146238e-001
 -2.5981756e-001 -1.6301085e+000
 -1.0416094e+000 -4.3463653e-001
 -9.6901345e-001 -7.1876539e-001
  1.7040641e+000  1.0708395e-001
  3.4352976e-001 -1.5997446e+000
  6.1316465e-001 -3.7465349e-001
  2.6593703e-001 -1.5110709e+000
 -9.1624009e-001 -9.1248001e-001
 -8.6907126e-001  3.3911371e-001
  6.1407048e-001  5.8801006e-001
 -1.9425280e-001  1.9538275e-001
  1.3033437e+000  6.3966871e-001
 -1.5911389e+000 -1.8540386e-001
  4.6727844e-001  3.8804255e-001
  3.3988980e-001  1.6342492e+000
 -1.0678018e+000  1.3857602e+000
  3.9962481e-001  2.3189361e-001
 -1.3553184e+000  6.6917873e-001
  2.4378747e+000  4.2241828e-001
 -9.8012446e-001 -2.0925644e+000
  9.3485939e-001  1.0318785e+000
 -2.2378933e-001 -7.7024466e-002
 -1.1986641e+000 -8.6460975e-001
  6.1474988e-001  7.4759753e-001
 -1.3119668e+000 -9.6568386e-001
 -5.2542481e-001 -2.0671567e-001
 -7.8808911e-001  1.0212237e+000
 -7.0148121e-001  3.4841453e-001
  3.3975265e-001  1.7682791e+000
  5.3311577e-001  1.3616178e+000
  4.0209894e-001 -3.8859319e-001
  4.6901061e-001  5.7157864e-001
 -5.2842747e-001 -2.8549730e-001
 -6.1493240e-001  2.4634697e-001
 -1.1335878e+000 -1.4623699e+000
  7.1233044e-001  1.1824120e-001
 -1.5059691e+000  1.0926450e+000
 -5.9741034e-001  1.3950502e+000
 -1.0892139e+000 -4.5122750e-001
 -8.5230787e-001  2.4226468e-001
  2.8914903e-001  5.1599972e-001
  1.1827848e+000 -1.8753759e+000
 -9.2952004e-001 -9.3558524e-001
 -6.3958858e-001  4.9604222e-002
 -1.9035522e+000 -4.6018235e-002
 -3.3284159e-001 -1.1859255e+000
 -3.7685970e-001 -1.1960448e+000
 -3.1219784e-002 -6.6515726e-001
 -9.2185162e-001  9.3149102e-001
 -6.0752433e-001 -1.4824430e+000
  6.4865310e-001 -3.8058413e-001
  1.4909665e+000 -4.0123007e-001
 -8.5682470e-001 -4.1048883e-001
 -3.1792796e-001 -2.6094159e+000
  2.3394508e+000 -3.3776609e-001
  1.7688051e-001  9.9665013e-001
 -1.0201101e+000  2.0888114e-002
 -1.1666970e+000  7.5298800e-001
 -3.7527437e-001 -6.9575409e-001
 -4.6151000e-001 -9.0655796e-001
 -6.3065584e-001  1.9866358e+000
 -5.0879905e-001  1.1132950e+000
 -4.4428358e-002  9.4238309e-001
  7.5557658e-001  3.8553610e-001
 -1.2032588e+000 -1.3590431e+000
 -4.6163892e-001  1.8907587e+000
 -2.3231058e-001 -2.6851973e-001
  8.6077432e-001  2.0780044e+000
 -9.1661678e-001  2.5884834e-001
 -1.2867153e-001 -8.5690475e-001
  1.0770009e+000 -8.3181454e-001
 -4.6548565e-001 -5.7100394e-001
 -1.2410611e-001  2.7193890e-001
  8.6704078e-001 -2.4829182e-001
  1.1745313e+000 -1.6426535e+000
  1.8717656e-001 -6.5344232e-001
  5.2050467e-001  1.5966413e-001
  1.5310101e+000 -1.1014391e-001
  6.5602963e-001 -7.7972816e-001
 -8.2881782e-001  8.5215793e-001
 -6.3945375e-001  1.2695195e+000
 -6.3564266e-001  3.3196485e-001
  1.1148279e+000 -3.8073680e-001
  5.9511980e-001  1.7627020e-001
  1.4855748e+000 -7.4504897e-001
 -4.3562192e-001 -1.7151259e+000
  1.1629154e+000 -1.5901420e+000
  1.0455107e+000  9.8900706e-001
 -1.5064169e+000 -1.1277493e-001
 -9.4953735e-001 -3.5453794e-001
 -4.9822202e-001 -1.9858009e-001
 -5.0378155e-001 -1.1596564e-001
 -8.3444719e-001  1.1297802e+000
 -9.3585141e-002  4.8941656e-001
  1.5416750e+000 -8.9924777e-001
  1.1335413e+000  3.1476526e-001
 -7.5709348e-001  1.5393768e+000
 -6.5922980e-001 -8.7734756e-001
  6.9028068e-001  8.6803019e-001
  2.3892572e-001  6.5642567e-001
 -1.4800062e+000 -1.9249471e+000
 -1.5734179e-001 -4.0868644e-002
  7.4518015e-001 -1.6192421e+000
  4.4477732e-001 -5.1348357e-001
  1.2334353e-001 -1.5846295e+000
  2.0851471e-001  9.8051743e-002
  1.2483479e-001  1.6198797e+000
 -1.0930728e+000  1.7536526e+000
 -3.7119308e-001  1.0520634e+000
  6.3080628e-001  1.5054967e+000
 -6.2804260e-001  1.0554940e+000
  1.7571212e-001 -6.8246401e-001
 -2.8297561e+000  2.9964128e-001
  7.4291402e-001  4.5054044e-001
  1.1293125e+000 -6.1856443e-002
  1.5807798e-001  5.1944589e-001
  8.3922484e-001 -1.0620218e-001
 -3.8589016e-001 -3.4595137e-001
 -2.2668984e+000 -6.4492212e-001
 -1.5729648e-001  6.8908518e-001
  1.0311687e-001  1.2372501e+000
 -4.0118841e-001  5.5429421e-001
 -1.1712329e+000 -4.5828128e-001
  1.7170068e+000 -2.0217871e+000
 -1.3711109e+000 -1.8402869e-001
 -3.8183895e-001 -1.0162210e+000
  4.5904695e-001 -1.5109931e+000
  1.0976037e+000 -6.3848722e-001
  2.2778194e+000  8.7284825e-001
  1.2013488e+000  6.7490141e-001
  2.8188948e-002  1.0719875e+000
  6.0080991e-001  1.3099530e+000
  1.3304113e+000  1.5068514e+000
 -6.5551102e-001 -1.7697745e-001
  9.9166689e-001  5.9816219e-003
  7.9623538e-001  1.4189301e+000
  7.1096225e-001  4.2805163e-001
  2.3295015e-001 -1.3839131e+000
 -2.4065201e-001  2.8275784e-001
 -9.1792026e-001 -1.1468395e+000
 -3.6993067e-001  2.2156128e+000
 -3.9666699e-001 -3.7902718e-001
 -5.1850459e-001 -1.1018674e+000
 -3.8132797e-001  5.5055067e-001
  1.9509950e-001  1.3073814e+000
  1.0880669e+000 -7.1926088e-001
 -3.7680978e-001  3.6149943e-001
  7.9476738e-002 -2.2201940e-002
 -1.1551293e+000  1.4735073e-001
 -1.0207645e+000 -3.0929344e-001
 -1.2406096e-001 -3.9008441e-001
  1.0340677e+000  1.5127689e+000
  3.4147764e-001 -2.7717245e-001
 -1.1257852e-001 -9.2036120e-001
  1.1159628e-001 -9.5674787e-001
  7.6265657e-001 -2.8644914e+000
  1.5778415e+000  1.2367979e+000
 -6.9984386e-001  3.8242000e-001
  6.2373183e-002  1.2554042e-001
 -1.1044738e-001  1.7749027e+000
 -4.2640024e-001  1.8844541e+000
  1.4340735e+000  2.4625384e-001
  1.5181182e-001 -1.7906721e-001
 -7.8494132e-001 -3.7703792e-001
 -8.2622981e-001 -5.8480141e-002
 -1.2107682e+000 -3.0560399e-001
 -3.0343090e+000 -8.4509666e-003
  2.4818206e-001  7.5780251e-001
 -6.8198031e-001 -2.1330857e+000
  1.9475161e+000 -6.1247238e-001
  7.3432780e-001  9.2841742e-001
  5.9366606e-001 -2.3703459e+000
 -4.6191739e-001 -1.5845229e+000
 -2.3170450e-001  7.9075341e-001
  8.7226624e-001 -3.3430762e-001
 -2.7095839e-001 -1.0364062e+000
 -7.7780991e-001  1.0421861e-001
  1.0586808e+000  2.3261564e-001
  7.6320632e-001 -5.9194454e-001
  4.7877039e-001 -1.4436581e+000
  5.8493415e-001 -2.9208136e-002
  6.7867816e-001 -5.9950599e-001
 -7.2641019e-001  4.5718790e-001
 -1.7123785e+000  1.2723531e-002
 -1.0319674e+000  1.6887567e+000
 -7.9981224e-001 -3.6158025e-001
  5.9587212e-001  1.5923599e+000
 -1.2397568e-001 -5.9376345e-002
 -1.0021629e+000 -1.4969826e-001
 -1.4349036e+000 -3.7487770e-001
  1.6780189e+000 -1.2951915e+000
  3.0748048e+000 -1.6530264e+000
 -1.2316646e+000  2.5233950e-001
  5.4019113e-001 -1.9346468e-001
 -8.4081726e-001  1.5228658e-002
 -9.0036279e-001  1.2881406e+000
  7.0726930e-001  1.4952419e+000
  7.5873937e-001  3.7935901e-001
 -1.1313180e+000  2.2760789e-001
 -5.7333557e-003 -5.8010605e-002
 -5.3492728e-001 -1.1413131e+000
  2.9531372e+000  9.6556509e-001
  2.0453285e+000  3.6304807e-001
  4.1230143e-001 -7.8413469e-001
  7.7848657e-001 -1.2526475e-001
  8.4887703e-001  2.5240755e-001
 -1.4698724e+000  2.9015332e-001
 -9.8077044e-001  6.8639417e-001
 -1.0424592e+000  8.6905446e-002
 -5.7296085e-002  1.4742450e+000
 -1.7016897e+000 -7.1258569e-001
 -1.5871874e-001 -5.8909854e-002
  4.9309148e-001 -3.3396333e-001
 -1.6173182e+000  4.5142836e-001
  8.7196752e-001 -1.5678996e-001
 -9.9155381e-001 -1.5441102e+000
 -1.4418138e+000  4.3379642e-001
 -5.1189218e-001  2.9797556e-001
  2.7311784e+000  3.4920830e-001
 -2.2051020e-001 -3.9010563e-001
 -2.7414715e-001  1.8757421e-001
 -7.9109467e-001 -1.0275813e+000
 -3.8756422e-001 -8.8704107e-001
  5.2067846e-001 -4.1636209e-001
  6.1309213e-001 -6.9160093e-001
 -4.7818964e-001 -1.3638328e+000
  1.7712460e+000  6.7174894e-001
 -5.4496965e-001 -1.1381057e+000
  4.6821990e-001  4.7910106e-001
  2.2947715e-001 -1.5358734e+000
 -2.4860663e-001  3.7169416e-001
 -1.0116592e+000 -8.0834265e-002
  1.5615907e+000  8.2430247e-001
 -2.2242321e-001  4.9363008e-001
 -6.1352891e-001 -7.0271160e-001
  1.8325660e-001 -5.3789799e-001
 -4.6092878e-001  1.9758335e-001
 -2.1603418e+000 -1.3375296e+000
  2.4410989e-001  9.7235033e-001
  7.6530862e-002  1.0171846e+000
  1.4850509e+000  5.1841913e-001
 -1.0937132e+000  1.6611901e+000
 -1.0177704e+000  5.8485526e-001
  4.5699222e-001 -1.0325526e+000
 -6.2642796e-002  4.2523028e-001
 -1.5350844e+000  4.1541318e-001
  2.1333821e-001 -2.9765367e-001
  1.2056467e+000  8.7596983e-001
  2.2590856e-001 -4.2689294e-001
  1.5114935e+000 -1.1859908e+000
 -6.4575180e-001  6.8149623e-001
  2.2576860e+000 -1.6853067e+000
 -1.5063081e+000  4.9740563e-001
  5.8730235e-001 -6.3129206e-001
  8.8175036e-002 -1.1159079e+000
  2.0245264e+000 -1.2647955e+000
  9.9615953e-001 -1.7917159e+000
 -8.9051525e-001  2.9291662e+000
  1.7355223e-001 -7.5427164e-002
 -1.7228501e+000 -1.5873018e+000
 -1.1852818e-001  1.1244129e+000
  1.6542165e+000 -1.0546825e+000
 -3.7703071e-002  9.1023536e-002
  1.0962344e+000  5.1911336e-001
 -1.0249047e-001  1.3390042e+000
 -1.7634791e-001  1.2437032e+000
  5.6433789e-002  4.1218926e-001
  3.2863858e-002 -9.0698062e-001
  1.7318429e+000 -5.4120525e-001
  1.2451432e+000  2.8147756e-001
  3.3389459e-001 -2.3198042e-001
 -2.2043756e+000  5.9014942e-001
 -5.7928029e-003  1.5230011e-001
  7.0517019e-001 -9.0321852e-001
  1.0129912e-001  8.0316239e-001
  7.7611228e-001  1.6961887e+000
  7.3209902e-001  1.0278628e+000
  1.7333014e+000 -7.7705354e-001
  2.2722941e+000 -2.0819144e+000
 -1.2269947e-001  5.1010733e-001
 -1.1556066e-001  3.8737311e-001
  2.2479804e-001 -7.9465883e-001
  7.4476993e-001 -1.2677649e+000
 -1.2010556e+000 -1.0553295e+000
  1.0625457e+000  1.5807162e+000
  2.9237001e-001  4.7460516e-001
  3.7818160e-001  1.8356625e+000
 -6.3133391e-001  2.4622899e-001
 -8.2063132e-002  2.5670262e-001
 -1.2231666e+000  1.2618055e+000
 -1.7693199e+000  4.6154472e-001
  1.4834220e-001 -1.3746190e+000
 -9.0263202e-001 -4.4402400e-001
  9.9634274e-001  2.8099610e-001
  4.3826417e-001  2.3509109e+000
  9.5757079e-001  8.2183503e-001
 -1.0573802e-001 -1.5251415e+000
 -4.1994414e-001  1.8844856e+000
  3.9297095e-001 -6.4043642e-001
  4.0686293e-001  1.1969969e+000
 -1.0132281e+000 -2.6675682e-001
 -1.4521615e+000  6.6502331e-001
 -7.3740310e-001 -1.0373157e+000
  2.4166222e-001  8.6253097e-001
 -6.0161081e-001 -4.7917411e-001
 -1.8331378e-001 -2.0304714e+000
 -3.2472352e-001  1.3397178e-002
 -8.8607587e-002 -1.8412940e-001
  1.6570951e+000 -8.8778792e-001
  5.5491703e-001  5.8089728e-001
 -4.9780036e-001  9.4244901e-002
  5.8094203e-001 -2.3391619e+000
  2.4614014e-003  1.7742986e+000
  9.7699383e-001  5.6749896e-001
  5.8014961e-001  9.8166975e-002
  1.0232739e-001  5.0949399e-001
 -4.1325957e-002  1.9986906e-001
 -7.2694530e-001 -2.5446753e+000
 -1.2481536e+000  2.3083158e-001
  1.3812361e+000  4.0983289e-001
 -3.3384317e-001  1.7088554e+000
 -1.3952074e+000 -2.6840344e-001
 -2.9060056e-001  5.1308409e-001
 -2.2039686e+000  2.9078462e-001
 -1.5558091e+000 -4.3215507e-001
  3.4846087e-001  1.7142083e-001
 -3.2990557e-001  9.5206373e-001
 -1.3309338e+000  5.0053229e-001
 -8.2180196e-001  6.1878212e-001
 -7.0760167e-001  8.1006743e-001
  3.2485645e-002  9.3413655e-002
  4.2565515e-002 -5.5653541e-001
  7.1525777e-001 -5.5365491e-001
  3.1634424e-001 -5.3633978e-001
  4.8572209e-001 -3.5711314e-001
  1.1607134e+000 -6.6416052e-001
 -4.4642036e-001  8.5565619e-001
  2.4542497e-001 -6.6458574e-001
  7.8345889e-001 -6.0112647e-002
 -1.8843184e+000 -2.2744620e+000
 -1.3322609e+000 -1.2106674e+000
 -2.3244767e-001  1.9112038e+000
  5.7386260e-001 -6.7627192e-001
  9.0419926e-001  6.7854548e-002
  8.0520235e-001  1.3454419e+000
 -1.6674464e+000 -5.2327635e-001
 -8.3437903e-001 -8.6993709e-001
  5.6176112e-002 -1.8127135e+000
  6.2896321e-001 -1.8807947e+000
  1.7956773e-001 -1.7606715e-001
 -3.7589739e-001  7.3619037e-001
  6.4330807e-001 -4.3032702e-001
  1.6278909e+000  2.1350595e-001
  5.7058181e-001 -2.8852882e-002
 -4.0031899e-001  2.0554932e-001
 -4.0637810e-001  1.1149866e-001
 -3.4046102e-001  9.9788592e-001
  7.3577825e-001  1.0085554e+000
  1.4318515e+000 -1.0170965e-001
 -5.8803384e-001 -7.0677777e-001
 -3.5771279e-001 -9.3641272e-001
 -6.6533095e-001  1.8890715e+000
  9.9777729e-002  3.3332610e-001
  1.7308499e+000 -1.2828928e+000
 -9.6198175e-001  4.0018652e-001
 -7.3653491e-001  4.8111370e-001
 -1.1110907e+000 -1.2790298e+000
 -1.5207047e-001 -2.4009439e-001
 -6.5031328e-001  9.7566356e-001
 -1.5615521e-001  4.4838346e-001
  1.9887639e+000  7.2913075e-001
  2.5733793e+000 -4.6263165e-001
  6.6703997e-001 -5.0485865e-001
 -4.1751623e-001  1.0637654e-001
 -2.6578348e-001 -5.7135129e-001
 -2.3095858e-001 -2.6598020e-002
 -1.2877331e+000  5.9747383e-001
 -5.7991137e-001  6.9517526e-001
  1.6000176e+000 -7.6501283e-001
 -1.6287292e+000  5.8598641e-002
 -1.0111603e+000  1.2635085e+000
  3.7984605e-001  1.2959635e+000
  9.1129892e-001 -1.8083167e-002
  5.9434247e-001 -2.4862723e-001
  6.7083614e-001  1.2603109e+000
  5.2821251e-001  6.5006072e-001
 -4.0324864e-001  1.0734770e+000
 -6.9087337e-001 -9.2528049e-001
 -9.1413211e-001 -7.6474605e-001
  4.7439698e-002  8.4058619e-001
  9.6726001e-001 -9.4571087e-001
 -1.6662281e-001 -1.7002146e+000
  2.9123428e-001 -1.4152931e-001
  6.4204080e-001 -2.1522220e+000
 -1.6042131e+000 -4.7470059e-001
  1.1467119e+000 -1.8453225e-001
 -1.2192252e+000  9.5967273e-001
  1.5407313e-001 -1.0711242e+000
  1.6843660e-001  6.6225601e-001
  7.2189655e-001 -5.3283560e-001
 -1.1023418e+000 -2.1972934e-001
 -6.9537953e-001 -5.1195920e-001
  7.2302776e-001 -1.1022160e+000
 -3.1788619e-001  1.4775318e+000
  5.9415367e-001 -2.8460387e-001
  3.9465767e-001  1.4959118e+000
 -1.2250209e+000  1.9457609e-001
 -2.9549386e-001  1.9824759e+000
  3.4851825e-001  1.9529140e+000
 -9.6164373e-002 -6.1102319e-001
 -9.1793224e-001 -8.7335057e-001
 -2.3777276e+000 -9.8879881e-001
  6.2340101e-001 -7.7896411e-001
 -1.2387929e+000  1.4136968e+000
  1.3277435e+000 -7.7184425e-001
 -9.2238201e-001  1.3385262e+000
 -1.3349870e+000 -7.8017575e-001
  4.7679145e-001 -1.1272068e+000
  1.1900709e+000 -1.0521666e+000
 -1.5330945e-001  1.3284715e+000
  8.0549151e-001 -6.2655723e-002
  9.4883569e-001 -1.0567335e+000
  9.0875346e-001  1.1148552e+000
  6.1980986e-001  7.5656540e-001
 -8.8791797e-001  6.8696863e-001
 -6.6245328e-001  4.3131966e-001
 -1.2556706e-001  1.3458208e+000
  7.3725880e-001 -6.4576328e-001
 -7.2936942e-002 -1.1610013e+000
 -3.8366620e-001  9.2735002e-001
  1.5645004e+000  1.0638871e-001
 -1.3740815e+000 -6.2798127e-001
 -3.4379668e-001 -3.1561929e-001
 -3.6677929e-001  1.7514907e-001
 -8.8096812e-001 -1.2592769e+000
 -1.4405852e+000 -1.9170919e+000
  1.4902104e-001  2.0656518e-001
  1.5894058e+000 -1.3249333e-001
  4.0825389e-001  2.7471902e-001
 -3.9153551e-001 -2.5929947e+000
 -1.1714987e+000  5.2396268e-001
  1.7093114e+000 -8.9089576e-001
  4.7425190e-001 -1.5143589e+000
 -4.0864240e-001  6.6048453e-001
 -1.4867401e+000 -5.8824560e-001
  8.7291700e-001 -1.6239213e+000
  7.7639183e-002 -1.2302502e+000
 -8.6991651e-001  1.1803869e+000
 -8.2154463e-001  1.1617793e+000
  6.3884047e-001  4.6888276e-001
  6.2960204e-001  8.9854862e-002
  6.7335227e-001  4.4417068e-001
  1.4474358e+000  1.4937359e-001
 -2.5940852e-001 -1.4097714e+000
 -3.4920639e-001 -1.1558295e+000
 -4.3229890e-001  2.3500482e-001
 -3.0640388e-001 -4.2530161e-001
 -1.5916803e+000  2.7742843e+000
 -1.3577075e-001  4.2814756e-001
  1.1313228e+000  5.5736403e-001
 -5.6797062e-001  1.8676967e-001
  7.5407280e-001  8.9502736e-001
 -8.6607155e-001  4.4225403e-001
  1.6834607e+000 -1.4591209e-001
  2.2430976e-001  5.1603334e-001
 -1.5689251e+000  2.6784521e+000
 -6.1602069e-001 -2.6548358e-001
  4.0614670e-002  3.6325390e-001
 -2.9344737e-001 -2.4665781e-001
 -3.3533816e-001 -1.0084162e+000
  8.0000362e-001 -7.3973650e-001
 -8.4026723e-001 -2.5985167e-001
 -9.8547977e-002 -1.5530814e+000
 -8.1944261e-001  2.7083846e-002
 -4.2089331e-001 -3.7349528e-001
  3.2484153e-001 -4.1508531e-001
 -7.2729352e-001  4.8768358e-001
 -6.5396820e-001  1.4566307e-001
  3.0821976e-002  1.0610819e+000
 -5.7702441e-001  1.7118115e+000
  1.4733015e+000 -8.6505440e-001
 -1.2633557e+000 -1.7198747e+000
 -7.7514527e-001  5.2090592e-001
 -2.5971125e+000  1.0993307e-001
 -3.8955708e-001 -1.0437128e+000
 -1.6966667e+000  7.0545464e-001
 -1.9841606e+000  4.8071368e-001
 -1.0068929e+000  1.2577746e+000
 -1.0489164e+000  1.2335383e+000
 -4.0874051e-001  1.0070981e+000
 -5.5658464e-001 -2.1864017e-001
 -8.8347160e-001 -5.6367642e-001
  1.2542769e-001  1.2345274e+000
 -5.6991747e-001 -8.1019160e-001
 -5.2931317e-001 -6.3770008e-001
  3.2264960e-001  4.9811762e-001
 -3.7839954e-001  2.6335700e-002
  7.1848467e-001  1.2010957e-001
  1.1852173e+000 -3.1734902e-002
  8.3136263e-001 -9.1492915e-001
