 -4.0175803e-001  3.3399439e-002
 -1.5086562e+000 -1.6019742e+000
  4.3305550e+000  1.0939691e+000
  1.1466542e+000 -2.8845934e+000
 -6.1006959e+000  4.8813597e+000
 -6.5740263e-001 -9.0544206e-001
  5.6711891e-002 -5.7254475e+000
 -7.5295060e+000 -4.9515964e+000
  7.7364366e+000  2.2274026e+000
  1.4221183e+001 -2.7751286e-001
 -6.3695758e+000  3.1550705e-001
 -5.2901211e+000  6.9713793e+000
 -6.0689996e-002  1.0569349e+001
  4.5006808e+000 -1.1917292e+001
 -2.7241639e+000 -2.7793806e+000
 -1.9951122e+000  3.7141883e+000
 -1.3389562e+000  4.6517071e+000
 -4.6642637e+000  1.7974531e-001
  1.1422937e+000  1.1639906e+001
 -2.1913381e+000  1.0950584e+000
  6.5602409e+000  6.0202140e-001
 -2.2050512e+000 -5.3749054e+000
  2.2945653e+000 -1.6817074e+000
 -6.2131888e+000 -5.3247530e-001
  3.4999346e+000 -4.1728323e+000
 -2.2995634e-001 -2.1673824e+000
 -6.1601814e+000 -2.6746875e+000
  6.3304443e+000  1.7253783e+000
 -2.2188083e+000  1.3642877e-001
 -7.9834242e+000 -2.5218429e-002
  1.5004674e+000 -3.2725709e+000
 -6.6287172e-001 -1.4494692e+000
  8.9553679e+000 -7.7044539e+000
 -8.8248205e+000 -7.0690311e+000
  4.0661853e+000 -6.6497017e+000
 -2.9313033e+000 -7.5749251e+000
  2.2744981e+000 -1.5533324e+001
  5.9185818e-001 -8.4617378e+000
 -6.7439972e+000  3.3735986e+000
  9.4197588e+000  4.5173359e+000
 -8.6369782e+000  6.6549353e+000
 -6.5494785e+000 -7.0614160e+000
  3.0722439e+000 -2.3380260e+000
  4.6031627e+000  4.1239058e+000
 -1.9583511e-001  1.1506881e+001
  6.9377876e+000  2.1064874e+000
  8.0396259e+000  6.4012561e+000
  1.2992253e+000 -3.6781896e+000
  2.1941669e-001 -2.9300004e+000
  9.5826217e+000 -1.8300380e+000
 -9.4712414e-001 -3.8611816e-001
 -4.9245382e+000 -7.5631237e+000
  8.9443089e-001 -2.3362442e+000
  6.3945420e+000 -5.6348967e+000
  2.2606698e+000  3.0386970e+000
  6.5998748e+000 -1.5060406e+000
 -4.8333796e+000 -2.0862776e+000
 -9.0675836e+000 -2.8830398e+000
 -9.4733621e+000 -3.9392444e+000
  2.5685556e+000 -7.6464151e+000
  7.5079375e-001  9.0462954e+000
  8.7326661e+000 -3.3122566e+000
  1.1328176e+000  4.0814508e+000
  6.2697856e-002 -2.5458156e+000
  3.3167594e+000 -4.8085803e+000
  5.6775343e+000  8.0810760e-001
  5.3842891e+000  4.0235852e+000
 -1.2420474e+000 -5.9440628e-001
  4.5704999e+000 -4.8563894e+000
 -2.5579070e+000  3.8496014e+000
  4.4230574e+000 -4.2062965e+000
  8.6766974e+000 -4.2910938e+000
 -1.3150323e+000 -3.5543631e+000
  4.8522669e+000 -5.8140967e+000
  6.8891801e+000 -7.3672141e+000
  9.1960239e-001 -1.7129206e+000
 -2.4136093e+000  1.4151366e+000
 -4.9306691e+000 -2.6413741e+000
 -3.5898813e-001  8.3472989e+000
  5.3940634e+000 -6.6096309e+000
 -1.2396393e+001 -2.4185006e+000
 -5.7424967e+000  4.2937408e+000
  3.0633495e+000  1.9495963e+000
 -9.3870736e+000  1.7590993e-001
  8.8411165e+000 -3.1457383e+000
  4.6136365e+000 -1.9900620e-001
 -6.8366020e-001  3.3144358e+000
  2.6917372e+000  1.1034567e+000
 -2.1712050e+000  5.9305705e+000
 -6.6631235e-001 -5.7482470e+000
  1.1292877e+001 -8.5796225e-001
 -2.0192032e+000 -3.6442311e+000
 -7.4961663e+000 -2.9761538e+000
 -6.4685730e-001  7.0701802e+000
  1.5756119e+000 -4.1584430e+000
 -2.8170847e+000 -3.2482137e+000
  2.6295961e+000 -2.6259639e+000
  1.6838227e+000  4.3993591e+000
  1.6513868e+000  2.9121468e+000
 -1.5589491e+000 -2.7498967e+000
 -4.4629388e-001  2.0948298e+000
  1.7062649e+000  5.9979401e+000
 -2.6431873e+000 -1.2806913e+000
 -6.2601140e-002 -1.0845508e+001
  6.0640971e+000  1.1161128e+001
  4.8638783e-001 -4.1385012e+000
 -5.3430097e-001  8.9402478e-001
  1.1268473e+000 -9.6318974e+000
 -4.0340824e+000 -3.5004505e+000
 -4.8428491e+000  4.8640634e+000
  9.1163107e-001 -1.0845946e+000
  4.0507568e+000 -7.3944939e+000
 -3.8604649e+000 -6.4757127e-001
  1.0392982e+001 -2.1553005e+000
 -3.3992231e+000  5.0749109e+000
  1.1338321e+001  3.2055521e+000
  5.7469609e+000  4.1183692e+000
 -3.0737442e+000  2.8412986e+000
 -3.7029969e-001  1.1268029e+000
 -5.8059716e+000 -2.2950653e+000
 -4.5976938e+000  2.8733986e+000
  3.7553927e+000 -8.0733752e+000
  6.0495998e+000  2.9849860e+000
 -2.2256601e+000 -3.9406716e+000
  7.3076179e+000  2.7395836e+000
  2.3907106e-001 -3.6954858e+000
  6.2291545e-001 -3.5665823e+000
 -1.4508912e+000 -8.0216834e+000
 -1.0871634e+001 -7.2302080e+000
 -3.2220024e+000  1.9732689e+000
 -4.3689916e+000  1.1901366e+000
 -4.1973242e+000 -1.0363994e+001
  3.5687758e-001 -5.3609985e+000
  4.4007414e+000 -6.3873400e-001
 -1.8274292e+000  5.4257960e+000
  3.0236478e+000  3.7898065e+000
  3.8816814e+000 -1.8502081e+000
 -3.7223992e+000 -7.7348989e-001
  1.3177018e+000 -5.7094865e-001
  3.3263510e+000 -9.8779488e+000
 -1.2032971e+000 -7.1614679e-001
  1.8822211e+000 -2.9366544e+000
  5.7017396e+000  1.4560997e+000
  6.8188387e-001  6.4230716e+000
  9.1981412e-001  6.9645581e+000
  9.0134338e-001 -1.8943457e+000
 -5.9280547e-001 -4.9565491e+000
 -3.7621182e+000 -5.2087504e+000
 -1.2087419e+000 -2.5480174e+000
  5.6342963e+000  7.8849299e+000
  2.9356295e-001  4.0941906e+000
 -5.6729991e-001  2.7737471e+000
 -3.3341684e+000  4.7499452e-002
  1.4844449e-001  4.3162353e+000
 -5.5452404e+000  1.3197127e+000
  9.3935459e+000 -4.2282477e+000
 -4.5229588e+000  4.0043399e+000
 -2.9670219e+000 -9.0246566e-001
 -6.1124362e-001 -5.6408216e+000
  2.2168858e+000  2.1771260e+000
  9.9906958e-001 -3.5127649e+000
  2.3778803e+000  2.0004777e+000
 -5.0752943e-001  1.9192742e+000
 -5.7636172e+000  4.7436038e+000
  4.7120299e+000 -9.4916770e+000
  4.5733349e+000  2.6396436e+000
 -1.4365889e-001 -1.2448381e+001
 -5.6085499e+000 -6.4562252e+000
 -3.1872222e+000 -6.9986628e+000
 -4.3420046e+000  2.6408488e+000
  4.9055262e+000  4.0244632e+000
 -7.7449393e+000 -3.6820483e+000
  1.0583790e+001  7.5164382e-001
  3.8991760e+000  9.6409905e-001
  3.8887765e+000 -2.7386148e+000
  7.8339257e+000  7.9351425e-001
  5.7961857e-001 -2.7057099e+000
 -5.8964376e+000 -2.0018830e+000
 -5.1545989e+000 -8.9150429e-002
 -3.9113718e+000 -2.1500830e+000
 -9.5415063e+000 -3.6710508e+000
 -2.5006690e+000  1.8879121e+000
  8.5152621e+000 -2.3473610e+000
  6.9778632e+000  3.4847271e+000
 -5.0276345e+000 -3.6132526e+000
 -9.6002470e-001  6.0521869e-001
  1.5861909e+000 -1.0441759e+001
 -2.7152806e+000  2.4200306e+000
  1.8250835e+000 -3.7563399e+000
  5.2983409e+000 -7.9524224e-001
 -5.3891384e+000  7.3257220e+000
  3.4231379e+000  2.5318742e+000
  4.2339177e+000 -1.2843686e+000
 -4.6043223e+000  1.9385437e+000
  3.0408370e+000 -2.9823326e+000
  4.5200394e+000  4.8605670e+000
 -4.2970580e+000 -3.9245106e+000
  4.0671464e+000  2.9799025e+000
 -1.8236682e+000  1.9166652e+000
  4.9039334e+000 -2.4046420e+000
  3.6780271e+000  3.4140407e-001
  1.7172401e-002  9.5778881e-001
 -9.8696267e-001 -3.9436001e+000
 -2.8942716e+000 -1.2809010e+001
  4.3315175e-001  3.3278810e-001
  2.2075413e+000  1.5646461e+000
  4.2527839e-001  1.0174282e+001
 -1.2660949e+001 -3.1730041e+000
 -8.5085133e+000 -8.5796202e+000
 -1.9932331e+000  3.1998700e+000
 -4.0867195e+000 -6.9305286e+000
  1.5156217e+000 -3.4260571e+000
 -3.6291107e-001 -6.2472028e+000
  2.3281639e+000 -7.0853191e+000
  5.8981344e+000 -1.8926712e+000
  2.8771777e+000 -6.6056951e+000
  3.7681204e+000  3.8119496e-001
 -1.9656851e+000  2.7921494e+000
  4.1779407e+000  6.6255782e+000
  3.1038274e+000 -3.1812366e-001
 -2.3839921e+000 -3.8948387e+000
  1.9183790e+000  1.0586686e+000
  2.9798248e+000  4.6131068e+000
 -3.1250342e+000 -5.7347491e+000
 -2.0576511e+000  1.3815352e+000
  6.8122177e+000 -5.5203060e+000
  9.2104329e+000 -8.1762391e+000
  3.4126413e+000  3.6124923e+000
 -8.0796336e+000 -2.5651022e+000
 -4.9093498e-001 -4.8825648e-001
 -1.5685424e+000  3.9162668e+000
  1.4830836e+000  2.3145569e+000
 -8.1481685e-001  5.8183043e+000
 -2.5125552e+000 -3.8112665e+000
  2.0446640e+000  5.5009070e+000
  6.4454943e-001 -1.0586934e+001
 -2.2944802e+000 -7.4776607e+000
 -1.3460881e+000  5.3250066e+000
  2.1354002e+000 -1.7958405e+000
  4.4169467e+000 -1.5645256e-001
  5.9583584e+000 -1.3147035e+000
 -7.8836587e-001  5.1462666e-001
 -3.7900799e+000  1.9280432e+000
 -5.4930759e-001 -1.3119581e+000
  1.0697642e+000 -1.0292335e+001
 -1.2758788e+000  8.1205863e-001
  1.5658401e+000  4.7071452e+000
 -1.4972016e+000 -7.8856234e+000
  7.5198961e-001 -1.2602173e+000
  3.4379977e+000 -8.0674690e+000
 -1.1730753e+000 -8.6047023e+000
 -3.1401995e+000  4.0020504e+000
 -2.3855106e+000 -6.6828200e+000
  3.7843618e+000 -9.8132832e+000
 -5.4428494e-002 -3.0233007e+000
  2.5115152e+000 -9.4213232e+000
 -3.6371400e-001 -1.7406969e+000
  2.8059902e+000  5.5160577e+000
 -2.4318492e-001  1.0954935e+000
 -2.0937321e+000 -3.6406223e-001
  6.3194155e+000 -3.1406920e+000
 -4.9050748e+000  3.7476732e+000
 -2.8454840e+000  7.3192672e+000
 -1.2710849e+001  9.2331685e-001
  4.2113246e+000  6.2436638e+000
 -4.4006036e+000 -9.8929073e-001
  1.2381476e+001  7.9438263e+000
  3.8499908e+000  4.8548668e+000
 -3.4290817e+000  3.3995206e+000
 -4.5340007e+000 -2.6681533e-001
  3.1526694e+000  5.8246836e+000
 -1.1726705e+000  6.4453056e+000
 -5.1782840e+000  3.3629803e+000
  2.1878890e+000 -3.2099240e+000
 -3.9404351e+000 -8.1502869e+000
  2.9661508e+000  9.6955804e-001
 -5.8814338e+000 -5.6309122e+000
 -2.1029504e+000 -4.2640270e+000
 -2.8466622e-001 -3.1666520e+000
 -2.1178183e+000 -7.4116883e+000
 -1.4886031e+000 -7.1481266e-001
  1.6524308e+000 -5.7304589e+000
 -4.5096326e+000 -8.0479893e-001
  5.3054313e+000  5.3037283e+000
 -2.2585147e+000 -3.7975375e+000
  2.3948547e+000  4.3196411e+000
  5.0791739e+000 -4.6572690e+000
 -1.0699433e+000  5.4292066e+000
  1.0368653e+001  5.6901864e+000
 -3.8384751e+000 -4.9848791e+000
  2.4956882e+000 -4.3186148e+000
 -2.1978701e+000  6.2582346e-001
 -8.5355306e+000 -3.3725551e+000
  1.2795213e+001  4.8327398e+000
 -2.9009468e+000  1.2579861e+001
  8.4275310e+000  1.0705875e+000
  5.5364445e-001  9.8342914e-001
  3.4186560e+000 -6.0082641e+000
  3.5509738e+000 -1.6809699e+000
 -4.3115332e+000 -6.6481063e+000
 -8.6011086e-001 -7.6016974e+000
 -1.0878506e+000 -1.0892226e+001
  5.2714054e+000 -4.1425440e+000
  8.1013382e-001  5.9630896e+000
  6.6213177e-001  2.1507332e+000
  2.9919648e+000 -1.7182179e+000
 -3.7546924e+000  4.3644221e+000
  1.4815645e+000  5.4477829e+000
 -2.6795354e+000  4.4124373e+000
  6.3777588e+000 -2.4336218e-001
 -5.2687272e+000 -3.4502970e+000
  1.0729944e+001 -3.5236873e+000
 -2.9879255e+000 -4.0651419e+000
 -8.8352258e-001  2.1478271e-001
 -1.7873425e+000  8.8760638e+000
  4.9645135e-001  4.4064548e-001
 -4.9883784e+000 -2.0420255e+000
 -9.2846473e+000  2.9816063e+000
  2.3875551e+000  7.5567407e+000
 -1.1097859e+000 -8.2193319e+000
  1.4318274e+000 -3.9854652e+000
 -5.0367056e+000  5.4608918e+000
 -3.1395969e+000 -5.8012452e+000
  7.5680062e+000  2.8106490e+000
  2.7009999e+000 -5.5182457e+000
 -8.8879965e-001 -2.4430227e+000
  1.3228819e+001 -4.4818067e-001
 -2.6106622e+000  4.2367309e+000
 -1.4558696e+000 -4.6043400e+000
 -7.8485530e+000  1.1009032e+001
 -3.1456790e+000 -3.9724695e+000
  4.2315016e+000 -5.6715206e+000
 -2.5377568e+000 -2.1993746e+000
 -1.1159435e+000  1.3442362e+001
  2.2845440e+000  2.7609826e+000
  1.9596009e+000  2.6681182e+000
 -4.7308992e+000  9.1417905e-001
 -6.9250247e-001  1.6713113e-001
 -2.5189630e+000 -1.2190593e+000
  8.3611712e+000 -9.4064991e-001
 -7.6999937e+000  6.4045751e-001
  1.1590408e+000 -2.5410066e+000
  4.9496610e+000  3.0816680e+000
 -5.1347173e+000  1.3896786e+000
  5.2659041e+000 -3.0950610e+000
  6.6684478e+000 -1.2619123e+000
  4.9779726e-001  1.5728115e+000
 -3.5045393e+000 -3.9560851e+000
  4.6983457e+000 -7.0871280e+000
 -6.6715377e+000  6.9577225e-001
  4.3290267e+000 -3.0844278e+000
  3.8189312e+000 -7.0948582e+000
  6.6342237e-001 -2.3190877e+000
  6.2469498e-001 -4.7013267e+000
  2.7150538e+000 -4.4741989e+000
 -3.1324045e+000 -2.2137445e+000
  2.1681562e+000 -1.3040390e+000
 -1.8251402e-001 -9.9706999e-001
 -6.0830317e-001  1.6023826e+000
  4.9093824e+000  2.7905025e+000
 -7.4529375e+000  6.1170511e+000
 -1.0121313e+001  3.6544617e+000
  4.9716993e+000  3.0152772e+000
 -6.3471003e+000 -4.7672648e+000
 -3.8649285e+000  1.1942133e+001
 -6.3837116e+000 -5.8182277e-001
  3.4936055e+000 -1.7869233e+000
 -1.9649932e+000 -1.4777677e+000
  3.8066382e-001 -6.9183128e-001
 -9.2970571e+000  3.9480620e+000
  4.4683712e-001 -8.5015509e+000
  5.4029806e+000 -1.7570598e+000
 -2.5285591e+000  1.8110265e+000
  5.8745891e+000  1.0074931e+001
  5.4684401e-001 -2.5398029e+000
  1.7023766e+000 -4.0286858e+000
  2.7278233e+000 -2.1847546e-001
 -2.3251401e+000 -8.6879493e-001
 -2.5328695e-001 -2.7075085e+000
 -3.8014196e+000  2.8326209e+000
 -1.1140255e+000  4.1367850e+000
  1.8173360e+000 -8.0257623e+000
  4.7088427e+000 -4.2349823e-001
  3.1346003e+000  5.1177946e+000
  1.6256930e+000 -1.3782549e+001
  6.1152489e+000 -2.0530803e-001
 -1.8952875e+000  6.7150666e+000
 -5.6762986e+000 -5.3479584e+000
 -7.0681143e-001  1.8813670e+000
  2.7915653e-001  8.0372177e+000
  1.6673123e+000 -2.6663418e+000
  3.1544705e+000 -4.1071073e+000
 -9.1297929e-001  4.3181444e+000
  3.7564822e+000  7.0795248e+000
  1.8478989e-001  7.9407213e-001
  5.2705701e+000 -4.7785270e+000
  7.0579748e+000  1.6509213e-001
  1.0117340e+000  1.7120816e+000
  6.0317885e+000  3.4268949e+000
  1.0335643e+000  8.2403466e-001
 -3.2443084e+000  1.3122966e+001
 -4.2707933e+000  2.8819078e+000
  2.3104365e+000 -3.9695662e+000
  9.0681939e-002 -4.2618606e+000
  3.4211083e+000 -2.3754171e+000
  2.7195430e+000 -7.1760098e-001
 -2.6526980e-001  3.0847799e+000
 -8.4510533e+000  1.1177935e+000
 -1.3792644e+000  1.0870161e+001
 -2.6792826e+000 -3.0207851e+000
 -7.8554805e+000 -3.1331015e+000
  2.1681240e+000 -1.3836834e+000
  1.2843096e+000 -9.8015920e+000
  8.3640374e+000 -3.3517418e+000
  2.7894574e-001  1.0495102e+001
 -1.4938123e+000  1.0848395e+001
 -8.9807770e+000  6.5314816e+000
 -4.5404613e+000  1.4006798e+000
 -4.1466828e+000  6.7498818e+000
  6.0693682e+000 -5.7025413e+000
 -3.0975250e+000 -1.5039390e+000
  4.7825288e+000 -1.3689365e+000
 -5.4957948e+000  1.0707601e+000
  5.9704460e+000  1.1075625e+000
 -3.5905978e+000  2.2323472e+000
 -2.1705126e+000  4.5624635e+000
 -5.1035260e+000  7.4167764e+000
 -2.0440041e+000  4.7960576e+000
  7.9300782e+000 -1.2524115e+001
  8.2885500e+000 -1.8167549e+000
  2.8932578e-001  5.2043315e+000
 -4.3490905e+000 -1.0436036e+001
 -1.0969544e+000  2.0317142e+000
  3.7489935e+000 -8.8697485e-001
 -1.4670091e+000 -1.3454949e+001
 -1.1525016e+000  1.4590174e-001
  1.9195842e+000  8.0842705e+000
  1.4039213e+000 -3.6571727e+000
  1.2121294e+000 -3.7141225e+000
 -4.9937252e+000 -1.8482005e+000
 -5.3072513e+000  4.4261248e+000
  1.5696947e+000 -2.7573511e+000
  7.0149040e+000  2.3552148e+000
  9.8207403e+000 -2.2263381e+000
  1.2182980e+000 -5.5581354e+000
  8.7246135e+000  9.7439375e-001
  1.1486458e+001  2.5511498e-001
 -1.7318175e-001 -6.8115054e-001
 -2.7134459e+000  4.6687266e+000
 -2.5138026e+000 -9.4439516e-001
  8.5729396e+000  1.1927674e+000
  2.7210928e+000  6.7169464e+000
 -4.0609140e+000  2.6301485e+000
  6.0387348e+000  3.6382027e+000
  9.5773580e+000 -4.6921214e+000
 -6.4199766e+000 -7.7888764e+000
  5.2823167e+000 -3.4903599e+000
  1.8077868e+000  6.3503613e+000
 -2.6014388e-001  1.5689546e+001
  1.2373303e+001 -8.1421527e+000
  2.5206949e+000 -2.2609139e+000
  8.7823682e+000 -3.3242878e+000
 -2.1436704e+000  4.7149967e+000
  5.0510490e+000 -4.5364772e+000
 -2.7353734e+000  2.3098344e+000
  4.3897563e+000  9.0647316e+000
 -5.5485512e+000 -7.8772374e-001
  7.2374664e-001  1.0777291e-001
 -2.9952726e-001  9.7157921e-001
  9.2551109e-001 -8.3497503e-002
 -7.5848428e+000  8.1889485e-001
 -2.3914914e+000 -8.9530836e+000
  7.4699850e+000  6.0636718e+000
 -2.2037527e+000 -1.7527604e+000
  5.6793610e+000 -9.6443385e+000
  1.1916018e+001 -4.9869979e+000
  6.9423008e+000  3.5596857e-001
 -1.7039742e+000  4.3140460e+000
 -5.0765292e+000 -6.3136369e+000
  1.5402916e+000 -3.9289415e+000
  7.2788071e+000 -3.9321858e+000
  1.0264245e+001 -3.8308288e+000
  7.7467320e+000  1.4494041e+000
  8.3656039e+000  9.7262820e+000
  2.3057536e-001 -2.8959253e+000
 -5.0829897e+000  3.1465786e+000
 -3.9715732e+000  1.9065779e-001
  1.7262961e+001 -7.9855217e+000
  2.9239002e+000 -3.0463945e+000
 -4.0156037e+000  2.7116938e+000
  5.5127361e+000  7.5373982e+000
 -1.0349528e+001 -3.1269453e+000
 -6.6819056e+000 -4.4742972e+000
 -8.1421002e+000  7.4894526e+000
 -9.3243040e-001  1.2661268e+001
 -4.3213991e+000 -7.8421828e+000
  6.0208839e+000  2.7273482e+000
  1.3265287e+001  6.8347869e+000
 -1.1460812e+000 -9.1697120e+000
  2.1875399e-001  5.9688847e+000
 -4.4086183e+000  4.0637153e+000
  4.6672684e+000 -1.4564390e+000
 -3.8698464e+000  1.7588244e+000
 -2.5057905e+000  5.8452364e+000
  8.7048873e+000  9.8122043e-001
  6.2878188e+000  4.7467176e+000
 -2.4929735e+000 -6.5010247e+000
 -6.1026077e+000  5.9609240e+000
  1.6268726e+001 -2.8334453e+000
  2.8109612e+000  3.1337221e+000
 -3.2050435e+000  3.9521583e+000
 -4.5181626e+000  2.5701166e+000
  3.1767087e-001 -5.1351172e+000
 -5.7735164e+000  1.6619509e+000
  1.9568467e+000 -1.3868955e+000
  2.6328550e+000 -3.6815891e+000
 -2.0169282e+000 -1.8460635e+000
  3.5901528e+000  5.9552241e+000
  5.1217786e+000 -1.7206338e+000
  2.2205320e-001 -1.2201501e+000
  5.5105562e+000  5.7934385e-001
  1.1351639e+000 -8.7615667e+000
 -8.1271183e+000  4.0025780e+000
 -5.2620681e+000 -3.6559252e+000
 -1.6511107e+000  2.1688373e+000
 -3.2258442e+000 -2.7321965e-001
  4.0938438e+000  7.4470753e+000
 -5.4842821e+000  4.0395133e+000
 -5.1546012e+000 -2.1407036e+000
 -3.1111961e+000 -1.5876594e+000
 -1.2743167e+000 -5.7838457e+000
  7.5127715e+000 -5.1349515e+000
 -3.5609881e-001  7.5901626e-001
 -6.9493151e+000 -3.9040462e+000
  8.9491805e+000 -1.4195764e+001
  7.7815073e+000  4.4248641e+000
 -2.5607263e+000  9.5680199e-002
  1.9161526e+000  4.4132011e+000
  1.5404705e+000 -4.7038204e+000
  3.9826424e+000  2.7568971e+000
  5.0462144e+000 -2.1783164e+000
 -2.2917277e+000  2.7795860e+000
  1.3573459e+000 -1.7027959e+000
 -2.9840199e+000  8.2754938e+000
 -1.4848464e+000  6.9156587e+000
 -5.1104490e+000 -1.0287405e+000
 -4.3455022e+000  4.1294996e+000
 -2.0528723e+000 -3.6723048e+000
  1.2754219e+000 -1.4078490e+000
  7.2156932e+000  5.6284648e+000
 -4.6351284e-001  2.8648662e+000
  8.3267875e+000  4.9624964e+000
  5.6742023e+000 -9.4208785e+000
  2.8909194e+000  2.5751036e+000
 -1.2512577e+001  3.8292542e+000
  1.4655114e+001  1.0541662e+001
  6.6878613e+000  6.0788602e+000
  2.5983544e+000 -3.7801375e-001
 -8.5516529e+000  4.1303916e+000
 -7.4537014e+000  3.0961608e+000
  1.0032456e+000 -6.9562453e+000
 -4.9201888e+000 -2.2706856e+000
 -1.0224825e+000 -9.4574162e+000
 -1.1131152e+001 -3.3707260e+000
  1.1188114e+001  7.7545062e+000
 -3.9980250e+000  5.2667528e+000
 -1.0539967e+000  4.7145717e+000
  4.9934130e+000 -2.8939382e+000
  2.4289614e+000 -1.1455552e+000
 -7.1101905e-001  8.5592088e+000
  6.9938285e+000 -4.3049148e+000
 -2.9223799e+000  1.9358110e+000
 -5.3773447e+000 -2.1712420e+000
  7.4256261e+000 -2.0281824e+000
 -4.4378773e+000  9.3347780e+000
 -5.1460559e+000 -2.6124881e+000
  2.3423184e+000  4.3445053e+000
 -1.0695582e+001 -1.7342955e+000
 -2.6390188e+000 -1.1046889e+000
 -4.7474791e+000 -4.0644026e+000
 -8.2113563e-001  1.5483907e+000
  1.0918336e+000 -7.2471902e+000
 -8.3193175e+000  3.5433207e+000
  1.0022820e+001  3.1396197e+000
 -7.4158660e+000 -3.1397560e-001
  4.2331722e+000  5.0792624e+000
 -4.8152595e+000  1.3144006e+000
  1.0031927e+000 -1.8851063e+000
  3.0117509e+000  1.0924623e-001
  2.9049705e+000  4.4998015e+000
  5.9568257e-001  6.9739784e-001
 -5.2204953e+000  4.9934059e+000
 -9.7283497e-003  1.4509836e+000
  5.9088163e+000  2.1357672e+000
 -8.3527617e+000 -6.0195851e+000
  4.1501889e-001  7.3578960e-001
  9.7604592e-001  1.8652189e+000
  5.4077750e+000  8.4460712e+000
 -1.7733979e+000 -3.7951417e+000
 -8.0053739e+000  2.9582223e-001
 -3.3708916e+000  4.3030913e+000
  1.2106564e+000  5.0833131e+000
 -1.1064775e+001  2.7529642e+000
  5.0439669e+000 -2.2884363e-001
  2.2320995e+000 -1.9947734e+000
 -3.1787045e+000 -4.2597731e+000
 -3.9875999e+000 -2.9368420e+000
  1.4087243e+001 -1.1327763e-001
 -6.2555516e+000  1.7299863e+000
  5.4859236e-001  1.0767259e+000
 -6.8820867e+000  6.7603105e+000
  2.3034068e-001 -7.3338345e-001
 -8.6201729e+000 -5.8305357e+000
 -1.7020728e+000 -5.9564553e+000
  2.2432370e+000 -6.1866172e-001
 -1.6309589e+000 -1.7073008e+000
 -5.6703478e+000  7.2413155e+000
 -6.0527570e+000 -2.6010153e-002
 -3.4530737e+000  6.1163040e+000
 -3.0914927e+000 -4.6187480e+000
 -5.5198893e+000 -3.7385395e+000
 -3.0808950e+000  8.2895777e+000
  9.2258193e-001 -8.4959490e+000
  5.0547970e+000 -2.1076559e+000
  2.0384604e+000 -5.9608622e+000
  1.9812409e+000  3.9781867e-001
 -9.3129549e+000 -4.0513074e+000
 -5.5363890e+000 -9.6715257e-001
  1.3752480e+000 -4.7368616e+000
  1.9719062e+000 -2.1793666e-001
 -8.0395043e+000 -1.3425016e+000
  1.5269837e+000  2.8063353e+000
  4.6102699e+000  1.8950873e+000
  6.4363620e+000  1.0928279e+000
 -9.4541888e+000 -3.1756811e+000
 -4.6942709e+000 -4.2567918e+000
 -6.7555581e+000 -6.8078279e+000
 -7.7679338e+000 -5.2916955e+000
 -5.2617483e+000  1.6400895e+000
  5.6343272e+000 -8.4003542e-001
 -2.3034224e+000  7.5566885e+000
  3.7441608e+000 -1.9044740e+000
 -9.9900289e-001  4.5589154e+000
  8.9802583e+000 -4.0057017e+000
 -3.4379685e+000 -5.9367873e+000
  5.1967507e+000 -6.5204068e+000
  1.7564097e+000 -1.1222377e+001
 -3.0334116e+000  1.4901212e+000
  3.5115280e+000 -9.7458749e+000
  7.6246642e+000  1.4345371e+000
 -9.5189584e+000  1.3880650e+000
  9.4112168e+000 -6.1749915e-001
 -8.0805817e+000 -3.6143426e-001
  3.5689427e+000  9.1017060e+000
 -7.9406637e-001 -6.9786252e-001
 -7.8956769e+000  7.4819000e+000
  7.6013012e-001  1.6733734e+000
 -1.3403368e+001  8.0237638e-001
  5.9921939e-001 -2.5838391e+000
 -3.1130861e+000  6.4515591e+000
 -1.1164347e+000 -2.5857956e-001
 -3.9223119e+000  3.7680925e+000
 -6.2987004e+000 -7.1996844e+000
  7.3567125e+000  2.7471634e+000
 -7.3886534e+000  7.7387440e+000
  1.4555495e+000  1.8959315e+000
 -5.1180613e+000  2.0538248e+000
 -5.8304294e-001 -5.2020474e+000
 -1.6397262e-001 -3.2705219e+000
 -1.1573083e+001  8.2526101e+000
  8.3231855e+000  4.4295173e+000
 -4.4618850e+000  1.2376119e+000
  4.6375089e+000 -1.8660760e+000
  3.3447956e+000 -1.2799136e+000
  1.1311769e+001  4.8041871e+000
 -1.6740268e+000  2.3442489e+000
  4.0278865e+000 -8.4625913e+000
  3.0514704e+000 -3.2960880e+000
 -2.1477533e+000  4.0626885e-001
  2.6252037e+000  3.4020176e+000
 -1.8974278e+000 -1.1446075e+000
 -4.4723747e-001  1.2668799e+000
 -5.8073107e+000 -4.7182373e+000
 -1.7286714e+000 -8.7068079e+000
 -6.6987378e+000  1.1793481e+001
 -4.5491989e+000  9.7524086e+000
 -6.0096694e+000 -4.0458111e+000
  1.5034194e+000 -5.9146778e+000
  6.1323712e+000  9.1917078e+000
 -6.0629415e+000  2.0177001e+000
  6.7501977e-001  1.5583656e-001
  8.9423980e-001 -1.8519383e-001
  2.3601727e+000  3.3585408e+000
  4.1822884e+000 -2.2757633e+000
  2.4109323e+000  8.4571050e-001
  2.4668496e+000 -6.4043512e-002
 -4.4087594e+000  7.9002056e-001
 -2.5869089e-001  1.0908933e+000
  2.4778646e+000  2.5333276e+000
  2.8039877e+000 -4.8375289e+000
 -3.4393084e+000  7.4716497e+000
  9.5141343e-001 -8.3160248e+000
 -7.2923265e+000  8.0441957e+000
  9.6182280e+000  2.6572344e-001
 -4.8523379e+000 -3.9890656e+000
  2.6698700e+000 -9.1248807e+000
  1.8673588e+000  7.8846816e+000
 -3.4760066e-001  2.8947099e+000
 -9.2633532e-002 -4.7137156e+000
  1.1782624e+001  6.0384531e-001
 -7.2677408e+000  2.3124508e+000
  1.9520299e+000  3.9583126e+000
 -8.1716875e-001  6.3246150e-001
  5.8944358e+000 -3.6522051e-001
  2.8862798e+000  6.4787913e+000
  2.0396080e+000  5.9417693e+000
  4.5001191e+000  1.4671954e+000
  2.0047720e+000  1.2935468e+000
 -6.7612050e-001 -1.8600675e+000
 -1.1928969e+000  7.0042383e+000
  4.9504945e+000 -1.2406475e+000
  1.8008289e+000 -8.0244174e+000
  4.6469783e+000 -2.8816402e-001
 -8.8225351e+000 -6.9778521e+000
  6.5959083e+000 -1.6965094e+000
 -1.5532628e+000 -3.1331989e+000
 -5.7194949e+000  4.7601342e+000
 -6.4858879e+000  3.4877380e+000
  4.0756986e+000  1.1436648e+001
  5.6834782e+000 -3.3221855e+000
  3.0663828e-001  4.6452157e+000
  2.6394540e+000 -4.2971430e+000
  7.0399460e-001  2.4505243e+000
  7.0760238e+000 -1.1823537e+000
 -1.3841628e+000 -4.2196382e+000
 -3.7723288e+000 -2.7870785e+000
  1.9113675e+000 -3.4670233e+000
  3.0724648e+000  3.2506372e-001
 -1.2667633e+000  9.1527573e+000
 -4.8959906e+000  2.1185187e+000
 -2.4072705e+000  6.5479251e+000
 -5.7753021e+000 -9.0426423e-002
  1.4338867e+001  1.2330137e+000
  7.3039901e+000 -4.7457462e+000
  3.4817691e+000 -2.6266775e+000
  3.7890687e+000 -3.1324420e+000
 -1.9949543e+000  1.2449755e+000
  7.7161083e+000 -2.1507023e+000
 -8.6455997e-001 -6.4462928e+000
 -5.5500400e+000  4.0676566e+000
 -3.3993122e-001 -7.4507969e+000
  6.1555657e+000  3.6093634e+000
  6.7579290e+000 -8.3449505e+000
  9.1583679e+000 -1.8017898e+000
 -4.3100756e-001 -2.9729698e-001
  2.7643340e-001 -1.7938345e+000
  2.1076577e+000 -3.9917079e+000
 -5.4306850e+000  5.9768768e+000
 -1.9864741e+000 -9.7979836e+000
  5.0305665e+000  2.2413630e+000
 -1.1559290e+000 -9.0840579e-002
 -8.8475776e+000  3.0908262e+000
 -1.1244633e+000 -8.5057472e+000
 -5.8736128e+000 -4.6149134e-001
 -2.7800701e+000  6.1065829e+000
  2.1035779e+000 -6.3257187e+000
  7.0564775e+000 -2.4373077e+000
 -3.8797591e+000 -7.8636567e+000
  5.7881899e+000  1.8111875e+000
  3.3337472e+000  2.4202581e+000
  6.2084237e+000  2.2070601e+000
  6.3885170e-002 -2.5672383e+000
 -2.9395504e-001 -3.8835478e+000
 -1.9750765e+000  8.7724518e+000
  2.2501685e+000 -2.4654951e+000
  4.9549527e+000  9.2386337e-001
  8.6784877e-001  1.5096991e+000
  8.7396219e+000  1.3396829e+000
  3.8042769e-001  2.2703063e+000
  2.7342456e-001 -2.4147279e+000
 -3.5259295e+000  5.2633312e+000
 -4.4474838e+000 -1.8315207e+000
  2.9406314e+000  4.9328297e+000
  1.8446845e+000  3.6949871e+000
 -2.2386597e-001  7.6138809e+000
  3.7376111e+000  3.4230998e+000
 -6.2756659e+000  6.4931979e+000
  6.6233404e+000 -2.4527448e+000
 -2.3199202e+000 -4.0387650e+000
  5.8890455e+000  2.9057035e+000
 -1.0018271e+000 -2.5576229e+000
 -4.0006079e+000 -8.3661166e+000
 -2.3604867e+000 -7.5689126e+000
  9.4328111e-001 -6.4344972e+000
  4.4484608e+000  5.7082437e+000
 -2.2191262e+000  5.4903187e+000
 -3.7131680e+000  5.6231492e+000
 -3.5210062e+000  1.0610868e-001
  5.4194974e+000  5.8720257e+000
 -3.3187097e+000 -5.0494794e+000
 -1.1055297e+001 -2.2553641e+000
 -3.7167934e+000 -9.5484380e-001
 -5.4833445e-001 -6.2765351e+000
  8.8561569e+000 -7.2365140e+000
  1.1919992e+001 -2.8649630e+000
 -4.1929588e+000 -9.0228223e+000
  1.3897240e+000 -8.6942308e+000
  4.9714803e+000 -6.6989864e+000
 -4.5263978e-001  3.8273027e+000
 -3.9345302e+000  1.3287934e+001
 -4.9424025e+000  1.3141944e+000
 -1.1228119e+000 -6.4434157e+000
  2.5378644e+000 -1.7579624e+000
 -1.0165319e+001  5.6223286e+000
 -8.0688210e-001 -3.1429315e+000
  2.4221406e+000 -1.9106630e+000
  6.5363380e+000  4.4739925e+000
 -1.0587391e+000  6.5203277e+000
  2.7889672e+000 -8.2306988e+000
 -1.8657257e+000  9.4082152e+000
 -5.0567917e-001 -7.3171068e+000
 -6.2316205e-001 -1.1103735e+001
 -4.1447334e+000 -5.0979903e+000
 -1.7074835e+000  5.3458668e+000
 -1.2985509e+000  6.5945090e+000
  1.9917951e+000 -8.3104823e+000
  7.2687638e+000  6.4478682e+000
  7.8045286e+000 -8.4111916e-001
 -6.6555078e+000 -3.3086917e+000
  4.4264763e+000  8.4941687e+000
 -5.9746660e+000 -7.7343864e+000
  5.6980292e+000  8.6777546e-001
  1.4129811e+000  5.1040631e+000
  6.2522556e+000 -5.3014325e+000
 -1.0110291e+001  5.8735831e+000
  1.4373162e+000 -2.3366743e+000
 -6.6265647e+000 -6.6433563e+000
 -7.9047246e-001 -9.0465269e+000
  8.2959700e+000  1.4378251e+000
  9.3033138e+000  1.2296266e+000
 -7.4000144e-001  2.9244867e+000
 -3.7526102e-001  3.7161794e+000
  1.0398273e+000 -4.3937800e+000
 -1.6721242e-001 -7.3545247e+000
  1.4302010e+000 -3.9885078e+000
 -8.1146286e-001  1.8608556e+000
  1.0807924e+001  3.6007754e+000
 -4.7003461e+000 -4.5963190e+000
  2.1014974e+000 -5.8744080e-001
 -3.2125784e+000 -3.0622971e+000
 -1.3836187e+000 -1.2236078e+000
 -9.5618181e+000 -2.5990815e+000
  6.2431949e-001 -7.9801510e+000
  3.3959501e+000  1.3067540e+000
  3.0690829e+000 -6.7199118e-001
  2.4562166e+000 -2.5023202e-001
 -4.3624801e+000  7.0410005e+000
 -1.4863515e+000  5.8863095e+000
  3.1504279e-001 -3.8112370e+000
  9.2241188e+000  4.9577741e+000
  3.3338819e+000 -3.4903112e-001
 -2.5068029e+000  2.3760034e+000
 -2.3075232e+000  4.7864041e+000
 -2.1567391e+000  2.4570501e+000
 -8.6636218e+000  2.2183402e+000
  2.4794291e+000  1.1155721e+000
 -2.1006307e+000  5.4375604e-001
  3.0355822e+000  9.7015420e-001
 -4.4993187e+000  4.1841370e+000
 -3.6572123e+000  3.0071459e+000
 -3.0056528e+000 -7.2984365e+000
  1.1944692e+000 -3.5356293e+000
  1.1124399e+001  3.4259428e+000
 -9.0271269e+000  1.0415404e+001
 -8.0405481e+000  7.8448716e+000
 -2.2150481e+000 -7.3814852e+000
  2.0627276e+000 -4.9976756e+000
  3.7231742e+000 -1.5368316e+000
  4.9598479e+000 -9.0255034e+000
  1.2592036e+000 -8.1127784e+000
  3.8403306e+000 -3.6365919e+000
 -4.3904396e-001 -2.3416426e+000
  1.8317898e+000 -1.1231840e+000
 -4.4376662e+000  5.1108173e+000
  6.5311899e+000  2.0304675e+000
 -1.2795800e+001 -8.0313000e+000
  1.7487794e+000  2.5153599e+000
 -3.5172863e-001  1.8863998e+000
 -3.4452987e+000 -1.7146540e+000
  7.9052253e+000  1.1842725e+001
  4.0441381e+000 -2.9532011e+000
  3.7967843e+000  2.2137952e+000
 -3.8806699e+000  5.7327537e+000
 -1.4606943e+000  3.1193827e+000
  7.9897352e+000  3.8692999e+000
 -1.0274299e+000  3.2321795e+000
  2.2461819e-001 -5.0082260e+000
  1.0998059e+001 -7.6866423e-001
  4.7341320e-001 -9.2104561e-001
 -2.6124609e+000  1.2353139e+000
 -5.5475042e+000  9.2095058e+000
 -4.7985898e+000 -1.0565598e+000
  5.0941771e+000 -1.7716610e+000
 -8.8336991e-002 -5.6022094e+000
  5.1985607e+000  1.2863960e+000
 -1.1827469e-001 -6.3145489e+000
 -6.9361645e+000  5.9320963e+000
  2.6407543e+000 -4.6352838e+000
  8.5396066e-001 -3.7807716e+000
  7.7883778e+000 -5.4821202e+000
 -1.0313764e+001  4.4604644e+000
  3.1936921e+000  6.9172454e-001
  2.6992462e+000  4.8801169e+000
 -1.1046944e+000 -1.2391646e+000
  8.0026648e-002 -3.2397926e+000
 -1.4270539e+000 -4.5698088e+000
 -8.4699790e-001  4.3385687e+000
 -1.3155871e+000  1.0968016e+000
 -6.8983459e-001 -2.2343637e+000
 -2.5225532e+000  3.7700933e+000
  8.3508602e+000  2.9274165e+000
  2.3457763e+000  4.3064823e+000
  2.4239568e+000  2.3978237e+000
  1.8298330e+000  5.1798022e+000
 -2.6691660e+000 -1.8911962e+000
  6.6663969e+000  2.6512515e+000
  1.0254396e+000 -2.7936203e+000
 -8.4705336e+000 -7.3864023e-002
  3.4605989e+000  3.4239664e+000
 -5.0060210e+000 -3.7632457e+000
 -3.6358689e+000 -7.4920284e+000
  3.8870415e+000 -2.0148921e+000
  2.9897283e+000  5.3118076e+000
  2.7093083e+000 -4.5618710e+000
  5.4667406e-001 -2.8283542e+000
 -2.0314177e+000  4.1200183e+000
  7.5456366e+000  2.7163481e+000
 -1.0170179e+001 -4.8716232e+000
 -4.6864266e-001 -6.9697053e-001
  4.7724287e+000 -1.3151345e+000
  4.5415377e+000  2.3848789e+000
 -3.0797615e+000  2.8037483e+000
  1.4733904e+000  1.9113708e+000
  1.9699475e-001  6.1915919e+000
  1.8690583e+000 -2.6298746e+000
 -1.9912200e+000 -2.9702557e+000
 -5.3290692e+000  2.9543077e+000
  2.9620783e-001  9.9142924e-001
  9.9294211e+000 -1.1757350e+000
 -2.4619129e+000 -5.6296327e+000
  7.6013905e+000  7.9898427e+000
 -3.6934419e+000  3.4445016e+000
 -9.4109387e-001 -3.2614536e+000
 -4.8720153e+000  1.0156929e+000
  2.3615107e+000  1.3691441e+000
  2.1093814e+000  6.2366750e+000
  1.0593093e+000  2.6378489e+000
 -1.0052752e+001  4.5289636e+000
 -2.7881396e+000  1.4810206e+000
  5.3405043e+000 -4.2535862e-001
  3.1155595e+000 -1.0197682e+000
 -1.5642595e-001  8.3164260e+000
  8.3896125e+000 -6.9520791e+000
  3.9208203e+000  1.1456724e+001
  5.4035835e+000 -9.0554820e+000
 -7.4466026e+000 -1.3911941e+000
 -7.9213427e+000 -1.4640105e+001
 -4.9940834e+000 -1.1272504e+000
 -3.6383793e+000 -7.7704981e+000
 -2.1811699e+000  7.0716081e+000
 -2.9910153e+000 -4.0195956e-001
  4.8300226e+000  4.8843822e+000
  4.0107502e+000  6.5658668e-001
 -1.5026688e-001  3.1105480e+000
 -1.7700081e+000 -1.9148953e+000
 -9.0863046e-001 -2.2108075e+000
  7.2276808e-001  5.4965736e+000
  8.3941919e+000 -8.8667398e+000
 -4.1116984e+000 -3.8808302e-001
  3.3253643e+000 -4.4872455e-001
 -4.2915965e+000  4.4485815e+000
  9.5627031e+000 -3.0005212e+000
  9.3077231e+000 -5.0301784e+000
  1.1830500e+001  7.2151716e-001
  7.3778125e+000  5.8066015e-001
  3.8802877e+000  4.7759672e+000
 -2.6024965e+000  8.1750027e+000
 -2.5076752e+000 -4.6758939e-001
 -3.2602964e+000  2.5820481e+000
 -3.3804896e+000  3.1424405e+000
 -5.4013132e+000  1.2768467e+000
 -7.2031299e-001 -3.0652278e+000
 -2.9081003e+000 -3.4551156e-001
  7.8400786e+000  6.0433772e-001
 -7.3186636e+000  2.3794963e-001
 -2.8375015e+000  2.1631921e+000
 -6.3564076e+000 -1.9720893e+000
  3.2899897e+000  5.8470535e-001
  5.2625553e+000 -5.0068323e+000
  3.4330973e-001 -4.2447319e+000
  1.5671607e+000 -4.5920896e+000
  8.0325087e+000  3.8669954e+000
  4.1649207e+000  2.6980879e+000
 -2.4377126e+000 -9.0790606e-002
  2.5881444e+000 -1.6201923e-001
  6.2494580e-001  5.9001937e+000
 -4.9769692e+000  6.2731833e-001
  3.6800444e+000  4.7740856e+000
  1.7273789e+000 -4.1297710e+000
 -5.0184109e+000  3.6018886e+000
 -6.4929000e-002 -1.0790609e+001
 -1.1755066e+001 -3.2880395e-002
  3.4140605e+000 -4.9656952e+000
  6.2306295e+000 -2.2165699e+000
 -8.6082112e-001  4.6110367e-001
 -1.0759172e+001  4.8402570e+000
  3.3035204e+000  5.1535675e+000
  1.9754016e+000  3.4631622e+000
  2.3581723e-001  9.9329043e+000
 -5.9282416e+000  6.7301275e-001
 -2.1926354e+000 -5.8295985e-001
 -9.1037102e+000 -6.8700614e-001
  3.1443360e+000  1.0749337e-001
 -7.4886331e+000  6.8741453e-001
  3.8090179e+000 -3.9763337e-001
  4.0074692e+000  4.5786442e+000
 -1.1779044e-001 -1.0198920e+000
  1.2308709e+000  4.2117803e+000
 -1.2321120e+000 -6.5695796e+000
 -7.3147436e-001 -5.3669083e+000
  8.8616563e+000  7.9680873e+000
 -2.9314792e+000 -3.5353500e+000
  3.1490149e+000  2.7447561e+000
  1.2398111e+000  4.8195145e+000
 -7.7003362e+000 -4.2526201e+000
  4.6968644e+000 -7.1115788e-002
  2.6840221e+000 -2.7552834e+000
  1.0489957e-001  5.8934722e-001
 -1.0397559e+001 -9.1734781e-001
  1.2580356e+000  7.1583652e+000
 -1.9665791e+000  2.5264459e-001
 -9.6115557e+000  2.2958042e+000
 -2.9850591e+000 -3.3301281e+000
 -6.9002936e+000  5.9599222e+000
  3.8850453e+000  3.4983933e+000
  4.1464243e+000  5.4677549e+000
  3.5291078e-001 -3.3420483e+000
 -1.2791409e+000  4.2349509e+000
  2.2070077e+000  5.1423198e+000
 -1.5138979e+000  4.1890057e-001
 -3.0236660e+000  5.9375743e+000
  4.4160446e+000  2.0907626e+000
  4.0320064e+000 -3.6046153e+000
 -1.1619236e+000  1.8505477e+000
  8.9408622e-001 -6.8541885e+000
  1.7614736e+000 -5.1392355e+000
 -1.0900740e+001 -5.6654060e+000
  5.8298763e+000 -4.0911523e+000
 -6.0089364e-001 -1.2546414e+001
  1.4110581e+001 -9.3589436e+000
 -5.2362226e+000 -7.1074658e+000
 -3.5274693e+000 -4.1376573e+000
  2.2273506e+000 -6.1533393e+000
  3.2866138e+000  4.7131622e+000
 -1.3428768e+000  4.7760252e+000
 -5.3413308e+000 -7.8726992e-001
  7.9829376e+000  7.7575875e+000
 -3.5535118e+000 -5.2561991e+000
  5.1743919e+000  1.4798546e+000
 -5.5562701e+000 -3.9760235e+000
  8.2123959e-001  5.3647250e+000
 -9.3467301e+000  9.2248979e+000
 -6.1892593e+000  1.2372010e-001
  8.7506304e+000 -7.7563638e+000
  8.5095489e-001  7.5546115e+000
  5.3186115e+000  2.1918777e+000
 -8.4420910e-001 -1.2567758e+000
 -8.2887253e+000 -1.2666164e+000
 -6.4971207e+000 -4.9955799e+000
 -2.3777635e+000 -5.6997585e+000
  2.3020937e+000 -7.4624019e+000
 -1.4169774e+000 -1.1298186e+001
 -8.0403223e-002 -5.7227522e-001
 -7.4403689e+000  9.4579904e+000
  3.2172000e+000 -3.0032564e+000
 -9.8829857e-001 -4.1185905e+000
  2.5789406e+000 -1.9374425e+000
  1.3657883e+000 -5.3587656e+000
  9.8103282e+000  6.1225384e-001
  1.1585247e+001  1.9167606e+000
 -7.0757552e+000 -3.5441608e+000
 -4.1940825e+000 -6.1801016e+000
 -3.8929010e+000 -1.3260025e+000
  2.7043945e+000 -6.6811716e+000
  1.0151975e+001 -8.2587381e+000
 -7.0440973e+000  3.6535004e+000
 -4.3280032e+000  1.8148923e+000
 -1.2017581e+000  1.9281794e+000
  1.1147330e+001  1.3629556e+001
 -3.1028530e+000 -1.6372858e+000
 -1.8895032e+000 -5.6160195e+000
  1.2049762e+000  2.5677585e+000
 -4.0521334e+000  8.2987512e+000
  1.7190899e+000  4.4753681e-001
  3.7617607e+000  3.6160555e+000
  5.0199839e-001 -5.9129916e+000
 -6.0542073e+000 -9.2590817e+000
 -8.9604758e-001 -3.1357945e+000
  4.7446133e+000  1.4611626e+000
  9.5700932e+000  2.0151932e+000
  1.5295310e-001  5.0967716e+000
  2.3100625e+000 -4.3366544e+000
  3.8945697e+000  4.9462895e+000
  4.1588959e-001  3.6947223e-001
  4.0143565e-001  1.8515800e+000
  3.4668785e+000 -9.5997201e-001
  5.1087878e+000  9.4306532e+000
  6.3827782e+000  3.1377448e+000
 -9.4252330e+000 -1.5641687e+000
  4.5156651e-002  2.7391433e+000
  1.7343103e+000  1.6231390e+000
  4.6276858e+000 -3.8165549e+000
  2.9047953e+000 -8.8030530e+000
  6.5487534e+000 -4.6840935e+000
 -6.0835858e+000 -6.8421568e+000
  2.6670661e+000  4.9783639e-001
  3.9191317e+000 -2.4904476e+000
  1.2414016e+000 -3.5415521e+000
 -6.9988885e+000 -6.0553466e+000
  4.2250520e+000 -9.3605351e-001
 -6.3098858e+000 -1.9057181e+000
 -2.9382857e+000  1.4197738e-001
 -2.3705569e+000  2.0023120e+000
 -1.8154430e+000  4.8702773e+000
 -6.4426176e-001 -6.0144710e+000
  4.5603070e+000  4.3387963e+000
 -2.7944062e+000  8.4520635e-001
 -1.6122876e+000  1.7042384e+000
 -5.3254063e-001 -2.5821122e+000
  8.1490470e+000  8.0009544e-001
 -1.1426079e-001 -6.7336188e+000
 -3.5239003e+000 -2.5437199e+000
 -4.8827880e+000  9.1188459e-001
  3.1282499e+000 -6.3373662e-001
  6.9996953e+000  4.2960107e+000
  2.8506906e+000  5.5981492e+000
 -4.5378908e+000  6.6703002e+000
  6.7130300e-001  3.0253474e+000
  1.0159349e+000  8.8339528e+000
 -2.1713741e+000 -1.1497839e+000
 -1.8274264e+000 -4.9866223e+000
  7.9258995e-001  1.1489122e+000
  1.1278145e+000 -3.5388567e+000
 -3.4674422e+000 -4.8068026e+000
 -9.1618851e+000  1.5299973e+000
  1.0554585e+001 -1.9553574e+000
  1.3442071e-002 -5.0226539e+000
 -8.4399031e+000 -9.3286704e-001
 -4.0882387e+000 -8.0731204e-001
  1.5446432e+000 -1.3473782e+000
  7.9361356e-001 -8.7584710e+000
 -2.3565368e+000 -1.9373794e+000
 -3.2403383e+000 -1.1026870e+000
 -2.2724038e+000 -2.2357482e+000
  2.5836671e+000  1.0649587e-002
 -4.0642517e+000 -1.2887146e-001
 -2.3483864e+000  6.4862697e+000
 -1.7513069e+000 -9.2912437e+000
 -1.2277331e+000  1.3485407e+000
 -3.3630227e+000 -2.4084901e+000
 -2.2404531e+000  1.7348029e+000
 -2.1900366e+000  2.8462816e-001
  1.0869958e+000  3.0958817e+000
 -5.5800507e+000  9.5784668e+000
  4.0793353e+000 -1.9241607e+000
  5.9042133e-002 -6.9998123e+000
  3.8287531e+000 -2.2528813e+000
  7.3363725e-001  1.8009780e+000
  5.9277921e-001 -3.3109985e-001
  7.4026696e-001  5.7220473e+000
  2.5189896e+000 -7.4226339e+000
 -4.1014338e-001  1.7042232e+000
  4.5818089e+000  2.3697106e-001
 -2.3889471e+000  9.4242428e-001
 -2.0857560e+000 -1.4110557e-001
 -3.9549325e+000 -1.9518493e+000
 -8.9562168e+000 -5.3250608e+000
  5.7463911e+000  3.1086249e+000
  4.9487485e+000  2.7990471e+000
  8.3903001e-001  9.0133247e-001
 -6.4919651e+000  6.4099658e+000
  5.7368629e+000 -1.3997857e+000
 -7.7615551e+000  3.7299615e+000
  9.3712550e+000  1.5040349e-001
  6.8038046e-001  3.1255121e+000
 -1.0562910e+001  1.6444972e-001
 -1.4211372e+000  3.9000343e+000
  6.7254325e+000  3.5296799e-001
 -8.8156661e+000  1.0984265e+000
 -4.0313511e+000 -5.1942548e+000
  2.3576898e+000 -6.5245312e-001
  4.7878773e+000 -9.8606946e+000
  4.1210539e+000 -1.0072077e+001
 -8.5965200e+000  4.8570376e+000
 -4.0042765e+000  6.1457133e-001
  7.2395206e+000  3.3742166e+000
 -1.0847893e+001  7.7679584e+000
 -9.2687643e+000  1.2663416e+001
 -1.9305473e+001 -6.8370638e+000
  3.5679281e+000  3.0539715e+000
 -3.6008567e+000 -4.9313736e+000
  2.3627220e-001  6.9142948e+000
 -6.7093035e-001  5.6580379e+000
  8.3010110e+000 -2.7201380e+000
 -2.8110475e+000  5.3109375e+000
 -6.1303643e+000  9.6188389e-002
  7.6787838e+000  7.1518092e-001
  8.1197481e+000 -5.5992676e+000
  5.9220299e+000 -1.0021927e+000
 -2.1272675e+000  4.3753942e+000
 -3.8259540e+000 -2.8498290e+000
 -5.8563464e-001 -3.2573260e+000
 -4.8644247e-001 -8.7414031e+000
 -4.6048752e+000  7.4341339e-001
  4.5992177e-001  1.8706751e-001
 -2.1625833e+000  1.5744563e+000
 -3.1984539e+000  2.6138380e+000
 -2.1770185e+000  1.6849888e+000
 -5.0087513e+000 -7.2770417e+000
  1.2455790e+000  1.8561440e+000
 -2.5820101e+000  1.5172288e+000
  4.4115755e+000  5.2067231e+000
 -9.2198454e-001  7.3921101e+000
  4.0763072e+000 -7.9614961e+000
  1.9973585e+000 -2.6129450e-001
  8.1235147e-001 -7.2927155e-001
  1.3749868e+000 -4.3855623e+000
  4.6882823e+000  3.7168701e-001
  3.2778828e+000 -4.1613206e-001
  4.4444829e+000  9.2660824e-001
 -2.1875357e+000  1.3197201e+000
  1.0065012e+000 -8.6028305e+000
  5.1089664e+000  2.3809216e+000
  3.9871616e+000 -2.8532050e+000
  1.0790007e-001  1.1191870e+001
  3.5006925e+000  9.0950844e-001
  3.6366178e+000 -1.3769622e+001
 -5.6227202e+000  4.1798608e+000
  1.8379111e+000  5.3752848e+000
 -9.7430033e+000 -2.1382888e+000
 -6.7100001e-001 -9.5934588e-001
  3.2463253e+000 -1.7025491e+000
 -5.1197749e+000 -4.0728117e+000
  3.2225562e+000 -2.6526285e-001
  6.4364815e+000 -1.0900684e+000
 -5.8659021e+000 -3.5473184e-001
 -6.5022600e+000  3.9881225e+000
  1.2193766e+000 -2.3646937e+000
  4.0527306e+000 -1.0380491e+001
 -4.0998257e-001 -5.1582983e+000
  5.4541946e+000  2.5695064e+000
  8.5430047e+000  3.2973930e+000
 -6.0682619e-001 -1.2231584e+001
  1.1197787e+000  1.5861555e+000
  5.9251865e+000 -3.2096738e+000
 -1.2619781e+000 -7.0678873e+000
  5.6044458e+000  5.9619169e+000
  4.6167111e+000 -8.8420528e+000
  5.2464859e+000 -2.3088568e+000
  1.1981490e+000 -3.8238493e+000
 -9.2700789e-001  6.6240023e+000
  3.8552879e-001 -8.1658934e-001
 -8.6157954e-001 -4.1198398e+000
 -2.5951938e+000  1.6477414e+000
 -1.6819710e+000  6.2100256e+000
 -3.5294936e+000  6.9920617e+000
  5.2049723e-001  5.0332368e-001
 -3.5406377e+000  1.4579395e+000
  2.1683365e+000  9.4650184e-001
 -8.1396141e+000 -5.0135764e+000
 -2.0125390e+000 -1.1060400e+000
  2.2083790e-001 -2.5939854e+000
  3.0707407e+000  8.3758269e+000
  2.7437039e+000  9.5343381e+000
 -7.4028009e+000  1.3406933e+000
 -1.0412279e+001 -1.1583445e+001
  4.2127852e+000  4.3773623e+000
  1.4854387e+000  1.7156765e+000
  1.6968712e+000 -5.0246878e+000
 -4.3079503e+000  4.6972028e+000
  4.5837558e+000  7.4220811e-001
 -4.6861619e+000  1.5245733e+000
  1.5643531e+000 -6.8431466e-001
  6.6733866e-001 -7.9129044e-001
 -4.6780142e+000 -1.2553911e+001
 -1.1317547e+000 -6.8963093e+000
 -6.6470541e-001  5.0799660e+000
 -2.8260944e+000  6.3238633e-001
 -2.8421644e+000  4.2647467e+000
  1.8490888e+000 -6.5653702e-003
 -2.1814978e+000 -7.0737509e+000
  2.8872807e+000  1.8021414e-001
 -7.5468842e+000 -8.7518750e+000
  6.0263259e+000 -3.0632133e+000
 -3.9176979e+000 -5.3975139e-001
  7.7301134e+000 -3.8378566e+000
 -1.2902746e+000  1.2917902e+000
 -5.1955285e+000  4.1136467e+000
 -2.9815222e+000 -1.9294212e+000
  4.3489478e+000 -1.7218123e+000
 -7.5594742e+000 -1.3115833e+000
 -1.1003826e+001 -2.9260445e+000
  8.3992544e+000 -4.8365820e+000
 -5.2997619e+000  3.4171765e+000
 -2.2258447e+000  1.4737318e+000
 -1.1767243e+001  7.5320406e+000
  2.9577666e+000 -8.1391601e+000
 -2.7405119e+000  9.0650142e+000
  5.6190667e+000 -4.3962596e+000
  4.5619006e+000  8.5510408e+000
  1.1692663e+000 -2.6081294e+000
 -1.1378237e+001 -5.4482638e+000
  5.1536342e-001  4.1425996e+000
  7.9265162e+000 -4.4223084e+000
  3.8180416e+000 -1.8184465e+000
 -2.3346846e+000  8.6123841e-001
 -6.6243352e+000 -1.8949845e+000
 -4.7950068e+000 -5.3334212e-002
  6.0897560e-001  2.0739596e+000
 -4.9600567e+000 -5.6445872e+000
  9.6529447e+000  9.5088745e-001
 -4.3778968e+000 -4.9144317e+000
  1.0464703e+000 -1.5880327e+000
  8.6959525e-001 -6.0666913e+000
  4.3573449e+000  5.2314700e+000
 -6.3915400e+000 -2.5471961e+000
 -1.6844434e+000 -7.5449790e+000
 -4.0848438e+000  9.6975122e+000
  5.0789347e+000 -3.9926010e+000
  1.5116870e+000 -2.9378663e+000
  2.7895031e+000  1.0737773e+000
 -6.6666047e+000  9.2281789e-001
  7.4590154e+000  2.8514948e+000
 -2.0053487e+000 -1.0156589e+000
  9.2207731e+000  1.8885625e+000
 -4.9836955e+000  1.1386651e+001
 -7.0269945e-001  4.3844695e+000
  9.9713882e+000 -5.0145092e-001
 -5.0959891e+000 -6.0962438e+000
  7.0720120e+000 -2.1535128e+000
 -5.8697214e+000  3.4912567e+000
  7.1537728e+000 -5.1044172e+000
 -3.6142843e+000  1.7242212e+000
  7.6632293e+000 -5.1544561e+000
 -2.6918195e+000  4.1354135e+000
  1.0173279e+001 -5.2961176e+000
 -7.3063836e+000 -6.6146952e+000
  4.4357126e+000 -2.0298215e+000
  4.5108274e+000 -2.8891940e+000
 -4.0604998e+000 -5.1700011e+000
 -5.4208565e+000 -1.6856961e+000
 -1.1990415e+000 -9.1845891e-001
  1.0923483e+001 -3.5256436e+000
  3.2952200e+000 -2.0141185e+000
 -8.6680887e-001 -1.1229540e+000
  4.3005149e+000 -6.5050200e-001
 -2.8484878e+000  2.7729043e+000
  1.0147452e+000 -1.1248048e+001
 -4.4624232e+000  1.5513166e+000
 -8.3556856e+000  8.3835129e+000
 -1.3886419e+000  2.8829429e+000
 -3.9560746e+000  4.3488303e+000
 -7.8573669e+000 -5.9209188e-003
  2.3478673e+000 -1.1651143e+000
 -1.1763674e+001  6.8511072e+000
  3.7489476e+000  1.5626520e+000
  9.2272343e+000  3.9567684e+000
 -3.7645663e-001 -1.2177071e+000
  5.8171505e+000  2.7177556e+000
 -4.3683153e+000 -3.6460519e+000
 -4.8912687e+000 -5.9983668e+000
  3.6353169e-001 -3.1040562e+000
 -1.1820527e+000  5.7359542e+000
  5.9731036e+000 -2.0632478e+000
  6.0526268e+000  4.4611752e+000
  1.4734187e+000  2.8866415e+000
  7.3499754e+000  1.9194634e+000
 -7.9670792e+000  2.2377793e+000
  1.1238674e+000  3.8212978e-001
  9.6187198e+000 -1.6421182e+000
  3.7164530e+000 -6.5223130e+000
  7.4539444e-002 -3.4418062e+000
  1.5116270e+000  4.9044085e+000
 -9.0797748e+000 -5.8035768e+000
 -5.3892519e+000 -1.7956447e+000
  2.3699844e+000  3.2807331e+000
  3.0065649e+000  5.7168523e-001
  3.6728495e+000 -1.5708906e+000
  1.0505180e-001  3.3562920e+000
 -7.0149953e-001 -3.7839962e+000
 -6.7295440e+000  7.9271179e-001
 -4.2910938e+000 -1.1024081e+000
  4.5298264e+000  1.0339936e+000
 -1.5684855e+000  1.8947347e+000
  1.0154749e+000 -1.1604609e+000
  3.3458338e+000 -1.0239621e+000
  2.7092044e+000  6.1929286e-001
  8.6804380e+000  1.7394466e+000
 -7.6918057e+000 -7.5038406e+000
 -8.1198947e+000  2.4049228e+000
 -1.0007555e+000 -3.8285282e+000
 -4.9884736e-001  5.1939394e+000
 -1.5455188e+000 -1.6015869e+000
  3.2520615e+000  5.3179827e+000
 -1.5105542e+000  8.0029567e+000
 -6.0699605e+000  8.0694783e-001
  2.2844539e+000 -3.8609236e+000
 -1.6929185e+000  2.3313060e+000
  2.1329471e+000  1.7462109e+000
 -5.0217357e+000  2.0364659e+000
  5.1832662e+000 -1.2667474e+000
 -3.5921676e+000  2.4577113e+000
  2.0056170e-002  8.4275725e+000
  8.7115406e-001  2.1340364e+000
  1.4025296e+001 -6.9055047e+000
 -7.0671385e+000 -6.7308026e+000
 -6.9270672e+000 -4.6357144e-001
 -3.0710233e+000 -9.6503027e-001
 -3.1936916e-001  4.8427094e+000
 -9.5152121e+000  9.3371320e-001
 -7.1973094e+000  4.9993933e+000
  5.0392918e+000 -5.5082284e+000
 -1.6291953e+000  8.2386598e+000
  2.4846675e+000  3.9294951e+000
  4.7792664e+000  6.7995827e+000
 -4.7234192e+000  3.3967826e+000
 -1.8349733e+000 -1.5917610e+000
 -1.2934108e+001  2.9330697e-001
 -3.5357772e+000  9.3148315e-001
  2.6686793e+000 -8.9247685e-001
 -7.8446072e-003  2.2920482e-001
  8.2309953e+000 -3.8281219e+000
 -4.6417913e+000  5.0020102e+000
 -7.8304157e+000 -5.8451633e-002
  8.9306699e+000  8.2030057e+000
 -5.7892801e+000  3.0363804e+000
  5.4808194e+000  5.7038074e-002
  7.7603406e+000  1.0804476e+001
  2.1476416e+000  6.7166460e+000
 -2.5937402e-001  2.5927585e+000
 -4.2476710e+000 -9.2537956e-001
  2.9914871e-001  3.1670633e+000
  6.5942556e-001 -8.8660733e+000
  3.4145043e+000 -3.0980349e+000
 -7.7534705e+000  1.7504146e+000
 -7.4166975e+000  1.3345078e+000
 -3.2140265e+000  9.1625503e+000
  4.2214888e+000 -4.9220193e+000
 -6.0936973e-001  1.2030192e+001
 -3.2287465e-001 -8.2386170e-002
  2.5533702e-001  7.7056279e-001
  5.1251821e+000 -1.3212700e+000
  1.0669269e+000  1.1840054e+001
 -3.2438188e+000 -2.1758277e+000
 -2.0331240e+000  5.2842949e+000
  4.3714709e+000 -4.1977055e+000
  4.7608099e+000  1.0678271e+000
 -1.1955472e+000 -1.1768072e+001
 -6.2893577e+000  2.4790414e+000
 -3.5815729e+000  7.2622971e+000
 -4.8523754e+000 -4.1460590e+000
  4.2599022e+000  1.0797666e+001
  3.2791998e+000 -5.2555455e+000
 -1.6279622e+000  4.7349925e+000
 -8.8536297e-002  4.7838218e+000
  2.2030438e+000 -3.7871032e+000
  4.4717764e+000 -3.5762765e+000
 -2.6180641e-001  2.0273183e+000
 -3.3972616e-001  8.2411990e-001
  1.4143727e+000  2.3682945e+000
  3.8780467e-002 -2.9468289e+000
  7.7659243e+000  1.2618241e+000
 -3.9006923e+000  1.1951289e+000
 -2.6158517e+000  8.1544998e-001
 -3.7815168e+000 -5.6828158e+000
  4.2029599e+000  3.3456995e+000
  6.5148826e+000  7.3620770e+000
 -2.1523348e+000 -3.4091486e+000
  4.2616643e+000 -2.3665366e+000
  2.8964097e+000  5.2636915e+000
  9.5195441e+000  7.3056574e-001
 -1.4895235e+000 -2.8122904e+000
  1.7811007e+001 -4.8293097e+000
  4.9992303e+000  2.1894015e+000
 -4.6052388e-001  6.7666252e+000
 -1.3245412e+001  1.3356572e+000
  3.0815035e+000  5.7635983e+000
 -3.1202900e+000 -2.0447615e+000
 -4.9967229e-002  3.4205436e+000
 -1.9133861e+000 -2.2589490e+000
  2.9755508e+000  3.6816935e+000
  5.8427433e-001 -2.4079970e-001
  3.2356986e+000  2.9418891e+000
 -9.1768502e+000 -3.4416811e+000
 -2.1255536e+000  3.0031549e+000
  6.1826442e+000  2.3990616e+000
  2.9764035e+000 -1.0176502e+001
  1.3286816e+000 -5.7464436e-001
 -1.9947235e+000 -4.4222617e+000
 -1.9412364e-001  6.5230950e-001
  8.3552274e+000  2.9760714e+000
 -1.8726704e-001  4.0752589e+000
  1.5797623e+000 -1.6734750e+000
  4.2853800e+000  9.7041295e-001
 -5.7524576e+000 -5.5802690e+000
 -1.4678472e+001 -7.3346929e-001
 -8.8587406e-001  4.4553815e+000
 -4.9664791e-001  1.3302420e+000
 -8.6478037e+000 -2.4907042e+000
  5.2540205e+000  7.9953383e+000
 -4.0560342e+000  5.6466751e+000
 -2.0269667e+000 -6.3354908e+000
  4.6853033e-001  3.3795418e+000
  2.6319302e+000  7.0984234e+000
  4.3210084e+000 -3.3611840e+000
  1.1238649e+000 -7.7140921e+000
  8.8903207e+000 -1.9418497e+000
  2.4165112e+000  7.4079116e+000
  4.1045337e-001 -2.1958079e+000
  1.6516064e+000  3.3030652e+000
 -6.2794414e+000  2.9243071e+000
  3.5219396e+000 -5.9482741e+000
  1.2372043e-001  2.8679903e+000
 -3.0115140e+000  4.1136496e+000
 -4.6818287e+000 -1.5680799e+000
  7.1548836e+000  2.6485068e+000
  9.1829035e+000 -7.8225874e+000
 -3.9913322e+000  8.8241428e+000
  8.7093311e+000 -7.0981888e+000
 -9.5398219e-001  1.3739550e+000
  1.0512861e+000  8.6125024e+000
  2.7123848e+000  2.9314305e+000
  6.5493731e-001 -3.3064884e+000
  1.4690932e-001 -3.8397989e+000
 -2.2447789e+000  3.3363901e+000
 -3.7317396e+000  1.8077632e-001
  4.6082909e+000 -1.3794287e+000
  1.4461659e+001  2.5595785e+000
  2.8473597e+000 -1.2799060e+000
 -9.6764465e-001 -1.6482219e+000
  5.4370169e+000 -4.2445918e+000
 -8.5192346e+000  3.0846896e-001
 -5.5333401e+000  4.3935224e-001
  4.0479498e-001  2.0327480e+000
  3.8734102e+000  7.2449944e+000
  1.6134646e+000  2.8207268e+000
  3.6785589e+000 -4.7420893e+000
 -2.8018595e+000  4.3265159e+000
  8.0121732e+000  3.1859141e+000
  3.6477160e+000 -7.5352049e+000
 -3.2083325e+000 -2.3710134e+000
 -2.4331242e+000 -6.5406546e+000
 -6.2685714e+000  2.6027149e-001
  4.9677802e-001  1.1935490e+001
 -1.1923207e+001 -3.2038386e+000
  1.0893957e+001 -5.4728266e+000
 -5.8178417e+000  6.1818429e+000
 -4.3491333e+000  3.2730452e+000
  1.6079458e+000 -4.7861736e+000
  2.5782515e+000  3.2743179e+000
  3.6711265e+000 -6.3200184e+000
  3.7569655e-001 -1.0787525e+000
  2.3968955e-002 -5.1242529e+000
 -1.7150876e+000  3.4686966e+000
 -2.4226509e+000  4.2639789e+000
  8.1586550e+000 -6.5489733e-001
  1.8470721e+000  1.1192973e+000
  2.8220705e+000  3.1554466e+000
  1.4120304e+000  1.8871003e+000
  5.1149656e+000  4.4195330e+000
  2.8287717e+000 -6.3028507e+000
 -3.5729613e+000  3.3414299e+000
 -4.3566146e+000 -3.4749501e+000
  3.6031407e+000  3.1623796e+000
 -2.5054175e+000  5.2673237e+000
 -6.1096186e+000  4.8378618e-001
  1.6239387e+000 -8.0304938e+000
  1.7219043e+000 -3.2889775e-001
  1.2120430e+000 -1.8344626e+000
  3.2907400e+000 -5.2813423e+000
 -7.3496685e+000 -5.8082024e+000
 -5.5328831e+000  4.7066915e+000
  4.2547540e+000 -1.1965089e+000
 -1.0068649e+000  2.3928712e+000
 -4.4756213e+000  5.5278955e+000
 -5.4651661e-001  4.7154571e+000
  7.8843533e+000 -1.3324266e+000
  5.8043385e+000  5.4672736e+000
  1.6662087e+000 -8.9262342e-002
  1.5645277e+000 -5.3513611e+000
 -1.5053701e+000 -5.0126102e-001
  9.8343821e+000  2.4773986e-001
 -5.3081015e+000 -3.5244567e+000
  1.0175393e+001  1.6496114e+000
 -3.0729209e+000  3.9276638e-002
  5.4370055e+000  3.2440218e+000
  9.9357792e+000  4.3034679e+000
  3.2191773e+000 -6.6561884e+000
 -4.4236804e+000  6.7844613e+000
  5.7219918e-001  2.0300340e+000
 -1.0450740e+001 -6.6087695e+000
 -6.1156602e+000 -5.5334263e+000
  8.6663772e-002 -6.7093088e-001
 -2.5748318e+000  5.0441913e+000
  9.0075944e+000 -3.0331667e+000
  5.8189987e+000 -3.4280292e+000
 -6.1176304e-001  2.7418994e+000
 -6.3811550e+000 -3.7126639e+000
 -2.9727978e+000  3.5852436e-001
  5.5105876e+000  6.9714950e+000
 -2.6320969e+000 -1.6438922e+000
  6.0550556e+000 -2.6287604e+000
  2.4771895e+000  1.3478452e+000
  1.5815581e+000  5.6534220e+000
 -1.0120877e+000  5.4407740e+000
  1.6406410e+000 -3.2356758e+000
 -1.8149841e+000 -1.6331059e+000
 -6.7001336e+000 -2.7295097e+000
  4.7772240e-001  3.4801227e-001
 -1.4581000e+001 -6.9110804e+000
  3.4663231e+000  4.3379013e+000
  5.4757476e+000 -7.3380784e+000
 -3.3422166e+000  4.4650273e+000
  3.0439805e+000  6.3829704e+000
 -3.3935819e+000  7.2414140e-002
  2.4881616e+000  1.0985807e+000
 -9.3330994e+000 -4.2596529e-001
 -3.9992503e+000 -1.2159957e+001
 -5.1534472e+000 -2.2063613e+000
  1.2716968e+000 -3.3090768e+000
 -4.5461637e+000 -1.4285729e+000
 -4.7980821e+000 -5.0262997e+000
  4.6623404e+000  1.4636372e+000
 -3.5406959e+000  9.3501295e+000
  1.1498551e+000  7.6842276e+000
 -1.8869101e-001 -5.9749947e+000
 -3.2403720e+000 -5.2833042e+000
  7.1287270e+000  3.4778814e-001
 -5.0084879e+000 -3.3635840e+000
 -3.5637999e+000  2.2218272e+000
 -1.6601051e+000 -3.9814481e+000
  9.1636740e-001 -1.0721592e+001
 -3.2105414e+000 -2.9690511e-001
 -6.9682846e-001  2.7495125e+000
 -8.8140689e+000 -3.6829489e+000
  1.6418218e-001 -1.8088564e+000
 -1.1510736e+000  1.5225161e+000
  1.4264653e+000  5.7258546e+000
 -1.1329406e+000 -6.6593608e+000
  2.6428213e+000 -6.9786147e+000
  5.5086691e+000  2.1163537e+000
 -2.5967615e+000 -1.4496208e+001
 -6.8973507e-001 -1.1973291e+001
 -2.2539594e+000  4.1541163e+000
 -9.5772746e-001 -3.9952859e-001
 -1.2053240e+000 -1.7695343e+000
  3.0680345e+000  1.0274871e+001
 -1.5771479e+000 -1.6593765e+000
 -4.0013525e+000 -2.2020543e-001
  6.0697154e+000  1.2811777e+000
  8.4446488e+000  4.2113747e+000
  1.8299249e+000 -4.1534877e+000
 -5.0861286e-001 -3.7612491e+000
 -3.1145232e+000  1.3890487e+000
  1.1408628e+000 -5.3097252e+000
  7.0494591e-001 -2.0966913e+000
 -9.6932885e+000  3.6768306e-001
 -1.6447476e+000 -3.6427220e+000
  4.5412497e+000  6.6913768e+000
 -7.0013243e+000  7.3482765e-001
 -2.7681729e+000 -1.6804656e+000
  4.2799951e+000  3.5383690e+000
  1.0742463e+001 -2.7827214e+000
 -9.5025018e-001 -8.0568015e-001
 -9.5231340e-001  4.2049676e+000
 -6.1511651e+000  2.9985862e+000
  1.7209321e+000  2.9424099e+000
  4.5180584e-001 -5.8413252e+000
  5.1197562e+000 -5.1832236e+000
 -6.6662279e-001  6.1136056e+000
  1.0537991e+001 -6.8802280e+000
  1.9712438e+000 -5.3805643e+000
 -7.7315997e+000  3.7370326e+000
 -1.0085232e+000  2.0530894e+000
 -1.0406886e+001 -3.5069414e+000
 -6.0678868e+000 -7.5945109e+000
 -2.1112583e+000 -2.3712863e+000
 -1.5743412e+000 -4.2601388e+000
 -2.5061554e+000  7.8975225e+000
  2.6131693e+000 -1.0839291e+001
 -4.6378734e+000  2.4086332e+000
  1.9403623e+000  9.9650455e+000
  4.4248267e+000  3.3936031e+000
 -1.1451267e+000 -3.8580872e+000
 -1.3033609e+000 -7.1263413e+000
  8.4302206e+000  3.6331479e+000
 -4.3187190e+000  7.8053721e+000
 -6.6250637e+000  3.7777441e+000
 -3.1459122e+000  4.7031086e+000
  6.5639486e+000  2.1512521e+000
 -1.1643767e+001 -5.3636931e-001
 -2.0781542e+000  1.2306830e+000
 -4.8779200e+000 -8.5640665e+000
  1.5259948e+000 -1.4424681e+000
 -9.6162035e+000  2.4141977e+000
 -9.6162019e+000  3.4576194e+000
 -2.4150772e+000  2.6769758e+000
  4.4668216e+000  3.2731907e+000
 -1.1170851e+000 -1.1272608e+000
  6.8143030e+000  2.8898324e+000
 -3.1146362e+000 -5.6166187e+000
  9.8707382e-001  1.2183890e+000
 -4.3577764e+000 -7.4509056e+000
  1.4480573e+000  1.4019854e+000
  3.7244628e+000 -2.6123912e+000
 -6.3286731e-001  5.3702742e+000
  2.8301165e+000 -1.3921567e+000
 -2.0699793e-001  1.1110102e+001
  5.2391201e+000 -8.9858127e+000
  1.4939629e+000 -7.8401014e-001
 -9.0820524e+000  2.6119348e+000
  9.2974135e-003 -4.3916062e-001
  3.4558895e+000  3.0501068e+000
 -4.2108308e+000  7.6734320e+000
 -5.1092645e+000  2.0088362e-003
 -3.2939196e+000  3.6446479e+000
  4.3042467e-001 -7.3164711e+000
 -4.0315732e+000  5.3585434e+000
 -2.5038620e+000  1.6859689e+000
  2.1116482e+000  2.2903653e+000
  1.1866348e-001  3.8867862e+000
  5.8205344e+000 -5.5429318e+000
  1.2592861e+001 -5.8074917e+000
 -3.8589483e+000 -3.7461389e+000
 -3.5115521e+000 -3.7803043e-002
  6.3028295e+000  5.5972215e+000
  2.6506160e+000  1.6106179e-001
 -8.9170656e-001 -4.7315516e+000
  6.6271818e+000 -5.0532250e-002
  8.2580419e+000 -7.5649193e+000
 -3.7158110e+000  2.1570571e+000
 -4.2370896e+000 -1.2260399e+000
 -1.4766882e+000  1.2605352e+000
  3.8327540e+000 -6.1389600e+000
 -2.8643020e+000 -9.9699836e+000
  6.5045037e-001  4.1217417e+000
 -2.0767023e-001  5.7447126e+000
  1.4992705e+000  2.6101835e+000
 -4.6487139e+000 -5.4585314e+000
 -9.0297631e+000  3.9801515e+000
 -4.2745638e+000  1.8066905e+000
 -6.7401508e+000 -3.9936058e-001
  7.8199495e-001 -3.2913880e+000
 -2.4747742e-001  2.1683492e+000
  1.3164845e+000 -2.6499056e+000
 -2.0944629e+000 -1.1503323e+000
  8.4456256e+000 -4.7391744e+000
  1.8025439e-001 -4.2021271e+000
  8.6184127e+000  4.5067333e+000
  2.6168968e+000  1.1203460e+000
 -6.5569193e+000 -6.2039106e+000
  3.8595654e-001 -9.0207038e+000
  7.3634068e+000  4.9820190e+000
  3.2886845e+000  3.8793609e+000
 -3.9354853e+000 -6.0495300e+000
  1.1122797e+000 -2.1638460e+000
 -6.3902936e-001  1.4409337e+000
  3.2714231e-001  1.2992554e+001
  1.8920065e+000  6.9993514e+000
 -5.2013912e-001  2.0241482e+000
 -2.1555187e+000 -9.6687021e+000
  8.9014797e+000  1.2164106e+001
 -9.2220890e-001  6.8945955e+000
 -4.1353469e+000 -2.7996916e+000
  4.2184629e+000 -1.4334768e+000
 -8.1385725e+000  5.3996724e+000
 -5.5539429e+000 -4.5688256e+000
  9.2669793e-001  3.6181425e+000
 -1.6025968e+000 -5.0280715e+000
 -8.8253058e-001  3.3104019e+000
  3.2086772e+000 -2.5420654e+000
 -6.2513007e-001  1.2519698e+000
 -6.7608075e+000  3.3945542e+000
  4.3088172e-001 -4.9363782e+000
 -3.1649794e+000  6.2494491e+000
  2.6694456e+000 -1.2263844e+001
 -1.3088122e+000 -5.2912201e+000
 -2.8625466e-001 -8.3696478e+000
  1.8871775e-001  1.7006238e+000
  5.6011860e+000  6.7505200e+000
  6.4826868e+000 -9.1571392e-001
 -6.1958042e+000  2.3735545e+000
  2.5584152e+000 -2.4352077e+000
  7.1256820e+000  2.6029282e+000
  3.7511740e+000 -5.6515228e-001
  4.3625128e+000 -4.6722491e-001
  3.5748812e+000 -2.3567761e-001
 -8.8729227e-001  1.5053991e-001
 -2.2769510e+000 -6.9422148e+000
  6.0193995e+000 -9.7620911e+000
  2.8540520e+000  1.4265905e+000
 -5.1748027e+000  1.0638900e+000
  7.3173918e+000 -5.4764104e-002
  3.5809068e+000  3.7706608e+000
  3.1186696e+000  3.2708911e+000
 -7.9353544e+000 -3.8092110e-001
  6.0986861e-001  7.1981488e+000
 -1.6362698e+001  3.6043526e+000
  2.8154216e+000 -5.8908570e+000
  3.1789100e-001 -8.8775960e-001
  2.1202134e-001  5.5398762e+000
 -3.5626811e+000  5.3148649e+000
  1.1009331e+001 -1.7859062e+000
  1.3401595e+000 -2.5357494e+000
  1.1400489e+001 -3.0458979e+000
  7.6870280e-001  2.5064094e+000
  1.6355573e+000 -4.4801646e+000
  1.2817364e-001  7.5258063e-001
 -2.1477643e+000 -1.0520390e-003
 -1.5735467e+000  2.2563976e+000
  2.3560940e+000 -6.5727613e+000
  2.3590865e+000  4.5385342e+000
  7.8267950e+000 -8.6237683e+000
 -1.6687167e+000  3.8098746e+000
  7.5991819e+000 -8.8204017e+000
 -2.5025262e+000  4.5846429e+000
  1.0746144e+000 -6.2358164e+000
 -2.2326847e+000 -2.9422393e+000
 -7.2791222e-001 -8.4859861e+000
  3.6234341e+000  3.1071099e+000
  5.7000197e+000 -3.0105015e+000
 -1.0834827e+001  1.1483740e+000
  2.0742696e+000  5.7466359e+000
 -1.4155463e+000  4.6098931e+000
 -5.1683260e+000  3.5437378e+000
 -3.2248718e-002 -6.0954164e+000
 -3.1558914e+000 -2.2386688e+000
  8.7628641e+000 -3.0626973e+000
  7.3203352e+000 -8.0057107e-001
  1.7565639e-001 -2.9375344e+000
 -3.5128133e+000 -5.9712830e-001
 -9.1638576e-001 -2.6338370e+000
  3.2989932e+000 -5.1671204e+000
  2.4985718e+000 -2.8272084e+000
 -5.8667853e+000  2.3824549e+000
  4.2007323e+000 -1.7182957e+000
 -1.0103682e+001  4.1787897e+000
  6.5785828e+000 -2.9614586e+000
  1.5480567e+000  3.5199442e+000
  7.8863741e+000 -2.8199188e+000
  1.1326207e+001 -1.4149825e+000
 -5.7550248e-001 -3.6129484e-001
 -4.0552460e+000 -3.5520889e+000
  2.7622832e+000  2.9534119e+000
 -3.2585318e+000 -7.3616167e-001
 -1.2558381e+000 -5.2551012e+000
 -4.5072243e+000  5.9189557e+000
 -6.8006430e+000 -1.6934752e+000
 -3.6326003e+000  1.1164819e+001
 -1.5456119e+001 -1.6623401e+000
  2.5030056e+000  2.6135461e+000
 -1.2533955e+000 -1.0300490e+001
 -1.7141172e+000 -5.0411143e+000
  3.3927893e+000 -2.4590449e+000
  1.1577327e+000  2.7471016e+000
  7.2735462e+000  2.9876932e+000
 -4.1112952e-001  1.0860382e+001
 -7.7899798e-001 -7.7159400e-001
 -5.1029931e-001 -3.8275372e+000
 -9.4078488e+000 -3.2128727e+000
  3.3691925e+000  9.4863690e+000
 -1.1341920e+000  1.6894683e+000
 -8.3098406e+000 -5.0631447e+000
 -1.7915190e+000  1.0945343e+000
 -1.5714074e+000  5.5868906e-002
 -3.5434354e+000  4.6498197e+000
 -2.2644629e+000 -8.6261916e+000
 -5.1766783e-001  3.5438679e+000
 -1.9276723e+000  2.8792652e+000
  9.5977848e+000 -2.5711308e+000
  6.0681652e+000 -2.6800553e+000
  3.9067798e+000  8.6379954e+000
 -8.6029163e+000  4.1159104e+000
 -6.5271245e+000  5.6801742e-001
  6.9541072e-001  2.2106828e+000
  1.0091426e+000 -1.0023229e+000
  1.7136978e-001 -1.9192202e+000
  3.4351845e+000 -5.1861938e+000
  2.6245344e+000 -5.0310217e+000
  4.0791339e+000  9.1058139e-001
 -6.1772831e+000 -4.3672350e+000
  7.8601046e-001  6.4696143e-001
  3.6224253e-001 -2.6287674e+000
  1.2370667e+000 -7.3686396e+000
 -2.0209106e+000 -2.4121786e+000
 -9.0164177e-001  8.3975080e+000
  5.2475186e+000 -3.7806686e+000
  2.3262442e+000  9.3989177e+000
 -1.3163902e+001 -2.2492489e+000
  7.6746688e-001  2.9370535e-001
  3.3385197e+000  4.3678508e-001
 -3.5268597e+000 -2.0081692e+000
 -7.2497456e+000 -6.7941384e+000
 -1.6683981e+000 -1.0258362e+001
 -8.0173457e+000 -4.0767290e+000
  1.3406257e+000 -6.8237408e+000
  3.2456332e+000 -5.9148689e+000
 -1.9114587e+000 -1.0129001e+001
 -3.3579138e-001 -6.4299532e+000
 -4.9415743e+000  3.6720931e+000
  1.8861968e+000 -1.7301000e+000
 -3.5720525e+000 -7.6003754e-001
 -2.7665457e+000 -1.9823321e+000
  3.0676730e+000  1.2283189e+000
  1.9062549e+000 -1.8776287e+000
 -8.5857286e+000 -2.9952415e+000
  2.8974211e+000 -5.8030734e+000
 -4.7426370e+000 -1.2083660e+000
 -1.0186329e+000 -1.1837246e+000
 -9.7333265e+000  8.0351256e+000
 -1.3572574e+000 -1.7272701e+000
  3.1172226e+000 -1.0009582e-001
 -6.6575626e+000  4.4954063e+000
 -1.0355477e+001  4.2215849e+000
 -4.8462061e-001  4.8270869e+000
 -3.6907582e+000  9.2632906e+000
 -1.6297372e+000  6.4342289e-001
 -7.1695904e+000 -3.7806674e+000
 -3.0490467e+000 -1.8697318e+000
  2.3513904e+000  3.0440129e+000
 -5.4291818e+000  6.8550874e+000
 -2.1998260e+000  6.9931915e-001
 -4.1095384e+000  3.2882838e+000
  3.0263728e+000  3.9701277e+000
  1.2030207e+001 -7.0093388e+000
  3.3195538e-002 -1.6910491e+000
 -2.6303966e+000  1.1450477e+001
 -5.8764663e+000 -2.6649796e+000
 -1.2301411e+001  1.5112074e+000
 -2.4218408e+000 -1.3456366e+000
 -9.9905314e+000  1.2187856e+001
 -9.7257452e-001 -2.6325955e+000
  4.1919482e+000  1.9242112e+000
 -1.7903873e+000  2.6692015e+000
  2.2701242e+000  9.4328709e-001
 -3.2888324e-001 -1.2465574e+000
  7.3286563e-001 -1.2386514e+000
 -1.7639845e+000 -6.5352144e+000
 -1.3821133e+000  4.2045699e+000
 -5.5310847e-001  2.7761068e+000
  9.4665530e+000  4.5567155e+000
 -3.9881806e-001 -5.2300098e+000
 -5.1233824e+000  6.1802894e+000
  8.3219641e+000 -2.5368380e+000
 -5.0472095e+000  6.8416317e-001
 -6.5591372e-001  5.5790680e+000
  1.5278149e+000  1.9573806e+000
  7.5994313e+000  9.0822056e-001
  9.8514934e+000 -4.1962246e+000
 -4.3344803e+000  9.0142335e+000
 -1.0271977e+001 -2.9795007e+000
 -8.1227932e+000  3.2840804e+000
  3.3129702e-001 -3.9969970e+000
  5.8974940e+000 -2.1731365e+000
 -1.0791608e+001  2.5290449e+000
 -1.5779173e+000  7.2835186e+000
  3.9715680e+000 -3.4187738e+000
  2.1660670e-001  3.1081041e+000
 -2.5191040e+000 -5.9092432e+000
 -6.7570327e+000  2.1915872e+000
 -4.6941061e+000 -7.1011815e+000
  2.8693040e-002  2.9428032e+000
  2.6175992e+000  5.9205109e+000
  6.0976102e-001 -7.0596279e-001
  2.4096290e+000  7.4633289e-001
  1.2234447e+000  1.4712930e+000
  4.7308437e+000 -1.1229456e+000
 -1.1886142e+000 -7.7162798e-002
  2.0759548e+000 -6.2746189e+000
  8.8558876e+000  7.3182476e+000
 -2.9755234e+000 -1.5776739e+000
 -6.5159196e+000 -5.2629154e+000
 -4.2752583e+000 -8.9879028e+000
 -2.4030875e+000 -9.5584863e-002
  5.7646967e+000 -4.8960335e+000
  2.3086981e+000 -4.0967017e+000
  2.9378999e+000 -8.8907156e-001
 -9.5067751e+000 -1.1249422e+001
  2.9154826e+000 -3.5156947e+000
  6.0804693e-001 -6.4379985e+000
