 -7.3923688e-001  7.8588233e-002
  5.1621024e-001 -6.4972221e-002
 -5.0587721e-001 -2.2222280e-001
  8.4127412e-001  1.3470593e-001
  5.2546655e-002 -3.3170095e-001
 -4.5053731e-001  5.5953208e-001
 -3.8004472e-001 -8.3042535e-001
 -1.3131197e-001 -1.9582816e-001
  7.1229305e-001  9.3076667e-001
  2.2897546e-001  9.3730027e-001
  7.2749162e-001 -4.8274713e-001
 -8.1603518e-001 -2.9091347e-001
  2.2974049e-001  5.8181069e-001
  5.0023856e-001  5.7785482e-001
 -7.2747155e-002 -1.8008285e-001
 -9.0055846e-001  1.4241961e-001
  2.9982074e-001  1.0426131e-001
 -6.0078801e-001  8.6988507e-001
  2.2648661e-002 -5.7170318e-001
  4.1917182e-001  4.9261304e-001
  8.9525706e-001 -5.4097756e-001
 -5.9148928e-001 -6.0755217e-001
  9.7909745e-001  4.0818652e-001
  2.4226569e-001 -8.5995271e-001
 -4.7915012e-001 -8.7821664e-002
  8.4276577e-001  4.2961732e-002
 -9.1512938e-001 -1.9841041e-001
  2.3893703e-001  9.1216548e-001
  4.8405907e-001  5.5300516e-002
  2.1735637e-002 -5.9041340e-001
  5.0539346e-001  4.3279989e-001
 -4.8456505e-001 -5.4873300e-001
 -2.1954867e-001 -1.0713277e-001
  2.5931035e-001 -6.3496037e-001
 -5.5130355e-001  6.5950336e-001
 -9.4293112e-001 -2.3185967e-001
  3.1544931e-001  7.0521103e-001
  4.2756734e-002 -1.0638689e-001
  6.1369590e-001  6.2029151e-001
 -6.1772926e-002 -9.0408096e-001
  3.6539799e-001  6.8562669e-001
  8.3311058e-001  4.3018275e-001
  2.0571324e-001 -5.0799830e-001
  2.5396999e-001 -3.8693970e-001
 -6.9392589e-001  4.1184905e-001
 -4.3488736e-001  3.8839038e-001
 -3.5279293e-001 -8.2024853e-001
 -3.0227165e-001 -3.2573084e-001
 -6.2723739e-002  5.1924200e-001
  4.4522389e-002 -4.9521880e-001
 -9.9083221e-001  7.9310193e-003
  7.7175253e-001  2.2867757e-001
 -3.5964014e-003 -5.2949222e-001
  2.5931187e-001 -3.9766254e-001
  7.8155734e-001  7.8765626e-001
  2.7003500e-001  9.0439031e-001
 -1.9083340e-001  7.9798479e-001
 -4.1349601e-001 -6.0377436e-001
 -8.5669934e-001  7.8517622e-001
  2.1887910e-001  2.6319763e-001
  6.1556888e-001 -1.6113764e-001
  5.0718102e-001  4.3849554e-001
  6.4458872e-001  3.5867417e-001
 -3.3985862e-001  8.0056356e-001
  4.4408367e-001  7.7084117e-001
  5.2118114e-001 -2.7051823e-001
  2.7576819e-001 -2.0224607e-002
  8.5811434e-001  8.3178976e-001
  6.5596526e-001  9.3193472e-001
  4.9653123e-001 -8.4910949e-001
 -2.3180754e-001  3.6377111e-001
  5.9799859e-001 -9.5867025e-001
 -1.4781908e-001 -3.4276486e-001
 -1.3886340e-001  1.2162379e-001
  4.1757215e-001 -3.4469560e-001
  6.3082168e-001 -4.4060744e-001
 -9.5961561e-001  6.2461311e-001
  6.5531679e-002 -1.2419099e-001
  1.6572900e-001  7.6560772e-001
  9.6519149e-001  5.9503722e-001
 -6.5628670e-001 -3.8113845e-001
  2.0195482e-001  1.0133329e-001
  5.4736420e-001  9.2190072e-001
 -2.6924624e-001 -2.9431395e-001
  2.9038785e-001 -6.4716392e-001
 -6.5750612e-001  5.8806483e-001
  1.8371296e-001 -6.5949781e-002
 -3.5587807e-001  8.1410555e-001
 -6.2237708e-002  4.5455850e-001
  9.7075720e-001  5.4490723e-001
 -2.6683767e-001  2.3894307e-002
  2.9436619e-001  4.3108313e-001
  5.3768106e-001 -8.9080478e-001
 -9.2696060e-001 -8.5655249e-001
  6.7990666e-001  4.1303716e-001
  3.4379476e-001  5.7857896e-001
 -3.2979495e-001 -5.7052333e-001
  8.8171652e-001 -7.9706213e-001
 -7.7812614e-001 -2.1731582e-001
 -7.7792665e-001 -2.7981497e-001
 -7.5939239e-001 -4.8164011e-001
  9.7974681e-001  8.1053193e-001
 -1.8860394e-001  8.3922659e-001
  2.8112947e-001 -6.2672025e-001
 -9.7739463e-001  6.0819229e-002
 -1.8162208e-001 -2.6183184e-001
 -7.9107856e-001 -5.9917690e-001
 -2.4653256e-001 -8.2442836e-001
  9.1847333e-001  8.3855358e-001
 -5.0336001e-001 -8.7052563e-002
  8.2997946e-002 -9.7358623e-001
 -6.4388229e-001 -5.7611044e-001
  6.5568851e-001  7.0476138e-001
 -7.9283229e-001 -1.4912519e-001
  9.8700393e-001  1.3633843e-001
 -3.3221191e-001 -4.2652784e-002
 -4.2466927e-001  4.2891625e-001
 -7.1269662e-001 -3.5879108e-001
 -3.2434726e-002 -3.8227971e-001
  6.4378730e-001 -9.3879476e-001
  3.1485805e-001  7.7385223e-001
 -3.7356371e-001 -3.9039061e-001
 -8.6403164e-001 -9.7779646e-002
  8.8846438e-001  4.6691308e-001
 -6.9084434e-001  1.8208501e-001
 -9.8079718e-001  6.2322603e-001
  5.9838618e-001 -2.9376821e-002
 -6.0742294e-001 -8.3825780e-001
 -2.3832676e-001  1.5544508e-001
  5.2102770e-002  1.6659417e-001
  6.8199266e-001 -7.4199338e-001
  5.1280350e-002 -4.8277986e-001
 -6.3912226e-001 -5.9511178e-001
 -1.4650120e-001 -6.9443398e-001
  3.8880438e-002 -9.8779383e-002
 -5.0559685e-001 -4.7862859e-001
 -9.7640831e-001 -6.1897329e-001
 -4.4248155e-001  2.5857984e-001
  5.4958377e-001 -1.3867428e-001
 -2.2132459e-001 -2.3506377e-001
 -1.1007713e-002  6.7099129e-001
 -9.2504170e-001  4.1202394e-001
 -9.6974106e-002  4.9833916e-001
 -2.9916126e-001  8.0325830e-001
 -8.9822713e-001  4.3126573e-001
  6.1366809e-003  7.8019809e-001
  9.3026781e-001 -4.0390021e-001
  2.0302860e-002  7.0148766e-001
  2.3953102e-001  4.6699794e-001
 -7.2391657e-001 -2.1123765e-001
  1.4790892e-001 -6.9253598e-003
 -5.0562513e-001  4.7349531e-001
 -3.5478080e-001  3.2651289e-001
 -1.3469742e-001  7.0293463e-001
 -8.4712918e-001  4.8311093e-001
  2.7423664e-001 -9.6245499e-001
 -6.3117065e-001  6.3400829e-002
 -2.3743913e-001  8.7985034e-001
 -7.5514583e-001  1.7348330e-001
 -4.6500276e-001  3.0945929e-001
 -7.1589594e-001  3.5283324e-001
 -1.7184166e-001 -9.5915420e-001
 -1.2884555e-001  3.8905049e-001
 -6.3832328e-001  2.9165742e-001
 -7.7626256e-001  5.1174613e-001
  1.5855154e-001 -7.1878221e-001
  8.8418200e-001 -6.1052399e-001
  4.3464885e-001 -1.1663082e-001
 -7.7251435e-001 -9.9484473e-001
 -9.7015187e-001  4.9609568e-001
  6.2969863e-001 -9.1460747e-001
 -4.9971114e-001  5.0008551e-001
 -6.3240325e-001  2.9846106e-001
  8.4919925e-002  3.1311062e-001
  1.6687117e-001 -5.5035782e-001
  2.2752378e-001  3.4655485e-002
  7.0854505e-001 -6.6222876e-001
 -7.9060887e-001  2.8959353e-001
  5.3665073e-003 -5.0109498e-001
 -6.1540221e-001  7.0418240e-002
  7.9961453e-001 -4.4468385e-001
  2.3018857e-003 -9.3978884e-001
  8.5186395e-001 -9.0754595e-001
 -6.4438607e-001  5.0132191e-001
  2.1492519e-001 -1.1777666e-001
 -3.1462142e-001  4.9882406e-002
 -9.1394197e-002 -2.0225011e-001
 -1.9921394e-001 -5.5677375e-001
  8.6740725e-001 -5.5655434e-001
  1.1354748e-001  5.6403830e-001
  1.5054932e-001  8.9169608e-001
 -8.3481811e-001 -7.3947794e-001
 -8.4493700e-001 -6.8361162e-001
 -8.4635854e-001  7.7792232e-001
 -3.2957176e-001  1.9222563e-001
 -8.6010093e-001  3.3186154e-001
  5.6097765e-001  9.6030703e-001
  1.7195662e-001  1.4418328e-001
 -9.1507362e-001  1.0339437e-001
 -7.1107490e-001 -5.6092860e-001
  2.0318214e-001  1.4301109e-001
  2.1225592e-001  1.0185989e-001
  8.3938416e-002  2.0266405e-001
 -7.6108393e-001  2.9326287e-001
 -9.2766512e-001 -1.4190885e-001
 -9.7528229e-002  8.5727489e-001
 -7.9059541e-001  5.9782066e-001
 -9.9321666e-002 -3.6405993e-001
  7.7298888e-001  6.1471545e-001
  9.7563553e-001  8.0239896e-001
  7.8818542e-001  3.0952800e-001
 -2.4505434e-001  9.2540981e-001
  8.2969287e-001  2.4600728e-001
 -1.6259595e-001 -2.0412429e-001
  7.9753341e-001  2.4415202e-002
  6.5386853e-001  7.4067793e-001
 -4.1794749e-001 -3.1001272e-001
  4.9441508e-001 -9.2663670e-001
 -9.0639106e-001  7.9765764e-002
 -6.9282930e-001 -3.5085983e-001
  6.9131428e-001  5.1353326e-001
  7.1040384e-001 -9.7451496e-001
  3.7366212e-001  9.8925046e-001
 -1.0129718e-001 -8.9507419e-001
  9.5751888e-001 -5.2479866e-002
 -1.1401181e-002  7.7838397e-001
 -4.4800910e-001 -2.9495381e-002
  4.1722801e-001 -5.7801768e-001
  1.6408431e-001  7.0871196e-001
 -9.5383888e-001 -9.7096421e-002
  4.5082518e-001  1.6377237e-001
 -8.0955650e-001  7.2753392e-002
 -7.2765304e-003 -4.7090469e-001
  1.7826571e-002 -2.0471941e-001
 -4.0545021e-001 -5.2230028e-001
 -7.0912702e-002 -2.2384564e-001
  5.3232544e-001  5.3324997e-001
  5.3568496e-001 -5.1706433e-001
 -7.5147755e-001  2.4452239e-001
 -9.1549640e-001 -4.4311410e-003
 -7.5781103e-001 -1.3741987e-002
 -1.7373634e-001  9.6666783e-001
 -7.2643158e-002  7.9674021e-001
  8.9872567e-002  7.0159482e-001
 -2.9486780e-001 -7.3415123e-001
  3.5303368e-002  3.0534361e-001
 -3.7719071e-001  8.3375039e-001
  3.6455820e-001 -4.2719122e-001
 -6.9677952e-001  7.4829666e-001
  6.6378686e-001  4.5167667e-001
  1.0119324e-001 -6.3847034e-002
 -2.1934347e-001 -9.8913154e-001
  2.3968944e-002 -1.6392139e-001
 -7.7841412e-001  2.2225765e-001
  5.1592343e-001  7.5088279e-001
 -7.3815725e-001  8.8925963e-001
 -4.6179908e-002  5.3525325e-001
  5.1136637e-001 -1.2536890e-001
 -6.6169212e-001  9.4699058e-002
 -6.8941631e-001 -6.4171897e-001
  3.4809699e-001 -3.3130298e-003
 -2.3916707e-002 -1.3533619e-002
 -7.3438852e-001 -7.9098217e-001
 -2.8955365e-001 -4.0122775e-001
 -7.6942118e-001 -2.4032859e-002
  7.8340793e-001 -9.6401373e-001
  2.4895258e-001 -1.6769639e-001
 -5.9308153e-001  9.1827644e-001
  6.5912953e-001 -9.4748739e-001
 -7.1567723e-001 -1.5774924e-001
  2.8573323e-001 -1.2416450e-001
  7.8533799e-001  4.3532935e-001
 -9.3402350e-001  5.4112657e-001
 -9.8965126e-001  7.8011829e-001
  1.3503719e-001  8.4310097e-001
 -2.4399146e-001  3.4664386e-001
 -1.0458794e-001  5.1736026e-001
 -1.7453858e-001  2.8641260e-001
 -3.5952110e-001 -2.7104193e-001
 -3.6710948e-001 -6.6653400e-001
  9.2145849e-001 -1.1771392e-001
 -8.1379017e-002  4.9382538e-001
 -4.6807309e-003 -2.5545505e-001
 -2.3478750e-001 -7.2807649e-001
 -2.4081723e-001 -6.0692816e-002
  1.1097762e-001  5.2855070e-001
 -3.8126283e-001 -4.5653064e-001
  8.8786578e-001 -4.6690032e-001
  2.2315167e-001 -6.0892689e-001
 -8.5598067e-001 -2.6453093e-002
 -9.1529019e-001 -9.6893161e-001
 -4.4352927e-001  8.9601750e-001
  7.3782610e-001 -2.3963436e-001
  5.7950450e-001  6.6876912e-001
 -5.7481144e-001  2.2126455e-001
 -2.5041631e-001 -8.6761054e-001
 -8.6135787e-002  4.5041294e-001
 -6.5260941e-002 -8.1090426e-005
  9.3506344e-001 -1.4219494e-001
  2.3343963e-001  9.1478072e-001
  1.4381253e-001  5.5204118e-001
  6.0945473e-001  6.6563057e-002
  7.5014894e-001 -1.5584285e-001
 -8.2548886e-001 -3.0403955e-001
  7.7363927e-001  4.7998661e-001
 -7.0912879e-001 -5.8375056e-001
  5.5853171e-001 -4.5723633e-001
  7.4438469e-002  1.2486232e-001
  8.1589708e-001  3.6842412e-001
  8.8610649e-001  6.5314168e-001
 -6.4577464e-001 -2.8254576e-001
 -1.3335557e-001 -1.1854688e-001
 -5.6117531e-001 -8.5200772e-001
 -5.6417440e-001 -3.0577937e-001
  2.2842361e-001 -5.9402216e-001
 -5.5520173e-001 -8.9296875e-001
 -3.0728330e-001 -2.1385298e-001
 -6.8148444e-001 -7.0648154e-001
 -6.2908671e-002 -1.2278345e-001
  1.4251051e-001 -6.7328091e-001
 -6.8945249e-001 -4.3826625e-001
  1.7080965e-001 -3.0202662e-001
  9.9804468e-001 -7.0656258e-001
 -9.7369121e-001  8.3604258e-001
  2.3920581e-001  7.4400520e-001
  7.3174952e-001 -7.7526852e-001
 -3.7717519e-001 -4.9932316e-001
 -6.7261624e-001 -5.9206544e-002
  6.7150761e-001  9.9425921e-001
 -1.3016520e-002  2.9452956e-001
 -6.0153031e-001 -8.2300318e-001
 -7.1766034e-001 -4.9888331e-001
 -9.6695463e-001 -5.6487951e-001
 -8.4524890e-001  9.4743337e-001
 -5.9886113e-001  8.2916580e-001
 -5.5200070e-001  8.2257653e-001
  1.4046258e-001  2.7109082e-001
 -2.8179934e-001  8.9070825e-002
  4.2580023e-001 -8.1038857e-001
 -8.3361482e-001 -3.1432596e-001
  9.8251034e-001 -9.4613159e-001
 -4.9655249e-001  1.5315672e-001
 -8.6418821e-001 -8.8153161e-001
  7.7619462e-001  7.9920447e-001
  5.3085174e-001  4.3868644e-001
  4.2172839e-001 -1.3801036e-001
 -3.2725715e-001 -7.7914543e-002
  6.9756305e-001 -6.7006337e-001
 -8.0002860e-001  7.2599775e-001
  6.4106289e-001  8.5013032e-001
  4.9264836e-001  3.8903450e-001
 -5.4088984e-001  8.8345601e-001
 -9.6397933e-001  2.5696938e-001
 -5.7764467e-001 -2.1200888e-001
  2.4281643e-001  5.7577270e-001
  8.1025613e-001 -3.8734583e-001
 -3.7532619e-001 -8.2524894e-001
  5.5273132e-001 -3.4134653e-001
 -3.0706855e-001 -7.2339876e-001
  9.9102572e-001 -9.9856031e-001
 -9.6978235e-001  9.5752312e-001
  6.8331359e-001 -7.7782266e-001
  1.8466974e-002  8.4319293e-001
 -4.5656495e-001  9.4974073e-001
  6.2160785e-001 -8.0877993e-001
 -5.6726392e-001 -7.1328509e-001
  2.5386745e-001 -2.7432255e-001
 -5.1359649e-001 -1.9357426e-002
 -9.3430922e-001 -3.4122231e-001
 -4.7389507e-001 -8.9391779e-002
  8.1873898e-001 -1.8261778e-001
 -9.3680614e-001 -9.1511146e-001
 -7.0638012e-001 -1.7789039e-001
 -7.5516234e-001  2.7218031e-001
  5.6927120e-001  2.9790546e-001
 -6.1888750e-001 -8.7892791e-001
  3.0942269e-001 -5.5462205e-002
 -6.8382852e-001  4.9099277e-001
  3.5291172e-001  5.1345066e-001
 -6.0603235e-001 -1.6987640e-001
  2.6043455e-001 -7.9972090e-001
  9.4310405e-001  6.9136691e-001
  8.4694579e-001  2.2699727e-001
  8.5328874e-001  4.8427418e-001
  4.7960239e-001  2.0848855e-001
  9.5701521e-001  8.3525626e-001
  3.3063261e-001  7.5589764e-001
 -5.1440309e-001 -4.1152066e-001
 -4.6097846e-001 -9.4212793e-002
 -1.8008734e-001  8.0909499e-001
 -2.0255039e-001 -6.0441498e-001
  8.1584584e-001 -1.4439539e-001
  7.3134519e-001  4.3009846e-001
  9.0078351e-002 -6.2263324e-001
 -3.6486382e-001  7.5222025e-001
  9.6702843e-001  8.3404318e-001
 -7.4303302e-001  1.0327603e-001
 -3.8949514e-001 -5.3513614e-002
  9.3965027e-001  8.7362129e-001
  2.8622745e-001  6.0197771e-001
 -5.1236558e-001  5.3424547e-001
  3.7541239e-001  2.3454224e-001
 -6.6700042e-001 -7.1113547e-001
  5.7980945e-001  6.3082283e-001
 -1.2092063e-001 -1.3760141e-002
 -6.8554756e-001 -6.6298299e-002
 -7.4822174e-001 -6.9788582e-001
  2.0192152e-001 -1.9658897e-001
  4.6972785e-001 -6.4947625e-001
  3.9160191e-001 -1.6029305e-001
 -2.9264356e-001  6.8997052e-001
 -6.4866982e-001 -9.7588334e-001
 -2.5918399e-001 -7.6958408e-001
  3.9792799e-001 -8.9781668e-001
 -8.4185255e-001  6.8112927e-001
  3.4961790e-002  9.6244591e-001
 -7.5983694e-001  3.8645058e-001
  5.0802459e-002 -7.9835499e-001
  3.7671615e-001  7.6862917e-001
  5.1810929e-001  5.0411799e-001
  6.4208038e-001  8.0040661e-001
 -5.1800717e-001  6.8798711e-002
  3.9683732e-001 -7.1529578e-001
 -9.0840469e-001 -1.9975254e-001
 -9.3252837e-001  4.3494319e-001
  8.1822598e-001 -1.6408618e-001
 -5.7902358e-001  5.3105644e-001
 -9.0694605e-002  5.7625284e-001
  4.5263495e-001  1.5909136e-001
  4.0207826e-001  8.6999544e-002
  9.9246318e-001 -9.7681718e-001
  8.3593155e-002 -4.7370275e-001
  8.2669915e-001  2.4247429e-001
  6.8373922e-001  7.9070175e-001
 -6.9139338e-001  5.7634340e-001
 -2.3831256e-001 -6.3799900e-001
 -4.1993275e-001 -4.3554094e-001
 -1.3176626e-002  7.3962998e-001
  8.3380039e-001  3.4584034e-001
 -8.2739253e-001  2.3828827e-001
  5.1074638e-001  8.5814708e-001
  7.7054282e-001 -8.7049778e-001
 -5.3672609e-001 -1.8936469e-001
 -1.4995897e-002  8.3397424e-001
  2.2553216e-001  4.6921377e-001
 -4.4720693e-002  3.6207150e-001
 -7.2372710e-001 -5.1194311e-001
  7.9269828e-001 -5.1837962e-001
 -5.5731383e-001  8.2802958e-001
  6.5812078e-001 -1.3104082e-001
  4.4395101e-001  4.0125352e-001
 -8.9027483e-001  6.2677848e-001
 -6.4518696e-001 -1.0046670e-001
 -8.3768313e-002 -5.1287446e-001
  3.9902949e-001  6.3485612e-001
  4.2862179e-001  6.4947870e-001
 -9.7249647e-001  3.1116606e-001
  8.8147740e-002  2.4246035e-001
  1.2120212e-001  3.9588462e-001
 -7.4069327e-001  3.9160902e-001
 -5.2279821e-001 -9.7373812e-001
  1.6185154e-001  3.6111331e-001
 -2.1179551e-001 -3.8750844e-001
  3.6188337e-001  5.1501190e-001
  3.0279291e-001  2.8510821e-001
  5.8307420e-001 -3.8555277e-001
  5.7785375e-001  9.7224956e-001
 -9.0316404e-001 -6.1223908e-001
 -4.9040053e-001 -7.7625646e-002
 -2.6210488e-001 -7.0922759e-001
 -6.3480865e-001 -5.9059462e-001
 -4.1765312e-001 -7.5440388e-001
  6.0628685e-001 -4.0566095e-001
 -4.7483229e-001 -3.6726166e-001
  6.4211076e-001 -5.0827468e-001
 -1.3881800e-001  5.8939523e-002
 -9.4882021e-001  3.4528783e-001
  9.3290835e-001  1.8762253e-001
  5.3154121e-001  6.6170511e-001
  4.6314179e-001  5.4752746e-001
  2.5952363e-001 -2.1521493e-001
  3.9002949e-001  8.0848865e-001
 -5.6677606e-001 -1.3575791e-001
 -3.0337998e-001  8.7881532e-001
 -8.4523954e-001  1.0969540e-001
  2.7616316e-002  5.3368011e-001
  5.4473426e-001  5.0301699e-001
 -3.5498850e-001  7.4867462e-001
 -3.6172273e-001 -8.7830949e-001
 -2.4574270e-001 -7.7481423e-002
 -9.3809420e-001 -6.6496206e-001
 -6.2153760e-001  2.1373000e-002
 -1.7898535e-001  9.6810180e-001
  9.7811536e-001  7.3880233e-001
 -6.6429937e-001 -8.7667675e-001
 -9.6762083e-001 -8.8754905e-001
  4.7609318e-001 -4.8925423e-001
  7.6914081e-001 -4.7398340e-001
 -6.7723099e-001  7.8647475e-002
  3.1543895e-001  4.6682921e-001
 -7.5879111e-001  3.0753050e-001
  2.4694220e-001 -5.6095425e-001
  3.5475194e-002 -4.8597446e-001
 -6.3770956e-001 -2.9361940e-001
  4.4003234e-002 -8.1800145e-001
 -2.6783993e-001 -8.7486009e-001
 -6.0535658e-002 -5.1170548e-001
 -7.9498642e-001  2.4008874e-001
 -9.8724738e-001  2.4082639e-001
 -7.9163009e-004 -9.2628752e-001
  9.2028902e-001  4.2952047e-001
 -7.2900219e-002 -8.4184942e-001
 -3.2034934e-001 -6.3846346e-001
 -9.9945436e-001  5.9935840e-001
 -5.1092923e-001 -1.3650623e-001
  8.7889845e-001 -4.3636991e-003
 -8.4513705e-002  5.1292363e-001
 -3.4438737e-001  3.9809716e-001
 -8.0424634e-001 -6.8279291e-002
  6.3582878e-001  1.5137215e-001
 -9.5290423e-001  2.0141140e-001
 -7.1683841e-001 -9.8736705e-001
  1.7556479e-001  7.0505040e-001
  4.1837042e-001  4.6858242e-001
  4.8115858e-001  5.2505183e-001
  5.5565148e-001 -7.9772466e-001
  6.8291094e-001  9.5963723e-001
  5.4435246e-001  6.7876986e-002
  1.7975253e-001 -2.5707251e-001
  9.3715645e-001  1.7880812e-001
  2.6473021e-001  1.3785467e-001
  2.3151371e-001  4.0104169e-001
  1.5739794e-001  8.2580453e-001
  4.9924646e-001  6.4149628e-001
  2.5006394e-001 -5.9704967e-001
  6.1739295e-001 -6.0410045e-001
 -2.4108326e-001  3.0087852e-001
 -5.3010128e-001 -7.9547663e-001
 -2.7715868e-001  9.5671171e-002
 -4.2155672e-001 -4.1509736e-001
  8.1907963e-001  7.0624151e-001
  3.5582581e-001 -5.7635809e-001
 -5.7868906e-001  6.3328941e-001
  8.6948600e-001 -5.3394061e-001
 -2.0197367e-001  9.3885995e-001
  1.7293421e-001 -3.3072363e-001
  1.5790783e-001 -5.5110166e-001
  1.7087149e-001 -4.5939668e-001
 -9.3972335e-001  6.5456856e-001
 -3.5245442e-001 -8.5690829e-001
  3.6931648e-001  6.9859373e-001
  5.3475032e-001  9.2755425e-001
  5.0978605e-001  6.3417969e-001
  4.2037198e-001  3.5290082e-001
  7.8791114e-001 -7.6609058e-001
  5.9466967e-001  6.3635911e-001
  8.5488362e-001 -1.9826160e-001
 -9.4167540e-001  9.6252647e-001
  8.6041384e-001 -6.2160974e-002
 -9.1841516e-001  4.1581290e-001
 -9.0132995e-001  5.2682479e-001
  3.3781075e-001  8.8319355e-001
  9.5900716e-001  6.8366457e-001
 -4.5930775e-001  2.8650632e-001
  7.2411718e-001  2.9219998e-001
  2.1084496e-001  2.8766684e-001
 -3.0691994e-001  4.9903039e-001
  3.7050035e-001  4.5466942e-001
 -8.2619493e-001 -8.4646209e-001
  9.1300789e-001  1.9589202e-001
 -2.6536149e-001 -5.4595050e-001
  9.6973468e-001  1.0324621e-001
 -6.9551902e-001  9.6302261e-002
  1.1029736e-002  2.8273965e-001
 -8.6522662e-001 -4.8863017e-001
 -4.1360789e-001 -8.3474114e-001
 -7.8402470e-002  8.3346095e-001
 -9.8150152e-001 -7.5189772e-001
  4.0452940e-001  7.8232027e-001
  5.4521249e-001 -8.8812518e-001
 -6.6904540e-001  7.8796748e-001
 -6.1762423e-001  8.2380936e-001
  9.3122341e-001 -3.0261077e-001
 -8.6303956e-001  7.0069088e-001
 -5.2939303e-001 -9.7288435e-001
  3.3569497e-002 -7.2305758e-002
 -8.8688510e-001  8.6808385e-001
 -6.4142545e-001 -7.5349414e-001
 -2.0180797e-001  1.4817156e-001
 -5.7954514e-001 -4.3302900e-001
 -6.5013650e-002 -8.7664953e-001
 -7.7908341e-001 -3.2821480e-001
  1.2498788e-001  9.0411343e-001
  2.4312261e-001 -5.6517912e-001
  8.9109068e-001  4.7660083e-001
 -9.7725436e-001 -4.8282393e-001
 -2.7127090e-001 -5.5765225e-001
 -3.5521524e-001 -8.4400974e-001
 -1.8783849e-001  5.4083212e-001
 -7.5565326e-001  6.4734861e-001
  2.2527282e-001  3.7616903e-001
 -5.9870030e-001 -6.0405295e-001
 -5.8235076e-001  3.8557266e-001
  2.8031742e-002  3.6147627e-001
  8.3763916e-001  7.8585929e-001
 -6.0395303e-001 -5.8712743e-001
  3.6080097e-002  4.3990099e-001
  2.2597323e-001  1.9118225e-001
 -7.5089294e-001 -6.2155430e-002
  8.1244775e-001  2.7062097e-001
 -9.5773868e-002 -5.5898951e-001
  3.9887894e-001  8.1047538e-001
  7.1734549e-001  8.1687595e-002
 -8.1045394e-001  2.0576856e-001
  3.2493908e-001  4.7064570e-001
 -4.0449259e-001 -9.9698839e-001
 -3.6795237e-001 -8.9701676e-001
  5.1428073e-001 -6.1999717e-001
  9.1060856e-001 -3.4807619e-001
 -8.0790132e-001 -2.9884258e-001
 -6.1064784e-001 -1.1937711e-001
  4.1992849e-001  7.3848110e-001
 -3.3917758e-001  7.6356775e-001
  1.1299963e-001 -4.7190447e-001
 -7.6367975e-001  9.7017846e-001
  9.3216948e-001  2.0345852e-001
  8.7779478e-001 -1.7665443e-001
  6.9433035e-001 -9.1357886e-001
 -6.2917011e-002  4.4605148e-001
  2.1373376e-001 -5.9308747e-001
 -8.1191318e-001  2.4872163e-001
 -3.0656243e-001  3.4888657e-001
 -8.8995384e-001 -7.2772694e-001
  6.5212541e-001 -1.7243717e-001
 -4.1192707e-001  2.4279562e-001
  9.6648633e-001  6.1844010e-001
 -4.1582068e-001  2.8106422e-001
 -2.9834752e-001  8.8050905e-001
  6.8033854e-001  1.1096235e-001
 -7.4930045e-001 -6.6073045e-002
 -6.5372454e-001 -5.4599765e-001
  5.1164913e-001 -3.0045960e-002
  1.1395845e-001  4.8758851e-001
  9.7579387e-001  3.9444434e-001
 -4.4477715e-001  2.0651073e-001
  2.4378956e-001 -8.7112262e-001
 -3.8013360e-001 -1.0595939e-001
 -2.1959553e-001  7.3612330e-001
  3.4586859e-001  1.0986011e-001
 -7.4714931e-001 -8.1151962e-001
 -5.3638637e-001 -5.5545488e-002
 -7.5260004e-001  4.0649415e-002
 -8.8715305e-003 -1.5732831e-001
  5.4792167e-001 -8.2502846e-001
  7.7827024e-001  5.1691750e-001
  3.0719429e-001  4.8254148e-001
  9.7551075e-002  6.8589116e-001
  7.1137169e-001  9.6238279e-002
  8.2482852e-001  2.4531415e-001
 -2.6112278e-001 -1.7870045e-001
  5.6328731e-001  5.9385988e-001
  8.1252453e-001 -3.5635752e-002
  6.8436676e-001 -4.1935243e-002
  9.9345698e-001  2.7440119e-001
 -8.9166283e-001  2.3708582e-001
  3.9365377e-002 -1.7068473e-001
  4.7950831e-002 -6.2488065e-001
 -3.8348483e-001  6.8337962e-001
 -7.2657307e-001 -2.3301465e-001
 -5.2600377e-001  5.4069195e-001
 -9.4770435e-001 -8.0810433e-001
  9.6404397e-001 -4.2174454e-001
  3.8106164e-001 -4.0665564e-002
 -3.1661459e-001  1.6112923e-001
 -4.4232228e-001  2.3217931e-001
 -5.1206888e-001  7.8479318e-001
  1.4393010e-001 -2.9699109e-001
  4.5506043e-001 -7.5475176e-001
  7.5462936e-001 -1.6878498e-001
  4.5116020e-001 -4.3728932e-001
 -3.1014055e-002 -3.3188985e-002
 -5.7505219e-001 -1.5964551e-002
 -3.7860167e-001 -4.2752394e-001
 -5.0537829e-001  5.6848723e-001
  2.1200547e-001  9.2939760e-001
 -2.6931195e-001 -9.3036488e-001
 -9.4727487e-001 -7.0655676e-002
  5.4934516e-001 -2.1020347e-001
 -5.3654268e-001 -5.3913920e-001
 -9.6379055e-001  1.9108125e-001
  8.5793101e-001 -3.8157718e-001
  1.3574691e-001  3.9148027e-001
 -9.2566488e-002  6.0830928e-001
 -8.7276713e-002 -5.9740808e-001
  6.0293689e-001  7.3983522e-001
 -8.9215518e-001 -7.1139609e-002
  8.7214110e-003 -9.6700529e-001
 -2.8024200e-001  3.6807950e-001
 -8.0359748e-001  7.0744437e-002
  8.6678062e-001 -9.0904335e-001
  9.2581638e-001 -4.4777986e-001
  5.1721591e-001  6.7496021e-001
  3.8133516e-001 -1.0768331e-001
 -9.3029327e-001 -4.2755805e-001
  7.2852808e-001  2.6726919e-001
  1.8967455e-001  8.1795489e-001
 -9.1256408e-001 -3.5549361e-001
  9.9876132e-001  4.8619654e-001
 -1.4072451e-001  2.4467898e-001
  8.1869921e-001  2.6409963e-001
  3.6241178e-001 -6.8359660e-002
 -7.8906944e-001 -7.4274377e-001
  3.5179839e-001 -6.4039570e-002
  1.7168243e-001 -6.7946697e-002
 -5.6053401e-001  1.5093432e-001
  8.6134069e-002 -8.6365916e-001
  3.2947861e-001 -7.7823930e-001
 -9.9798837e-001 -1.6434124e-001
 -5.8095550e-001  5.3089018e-001
 -3.0136795e-001 -9.4746502e-001
  3.3654468e-002  1.6036005e-001
  4.3267361e-001 -8.9811245e-001
  3.3993939e-001  9.6120200e-001
 -3.5877268e-001 -7.9210369e-001
 -3.1530502e-001 -3.6612901e-001
  3.5206147e-001 -4.6977194e-001
 -3.8254016e-001  2.8524947e-001
 -9.5140972e-001  8.5197986e-001
  6.2663848e-001 -4.3143282e-001
 -1.7919537e-001  9.3180574e-001
 -7.9055062e-001 -2.5900315e-001
  7.7146356e-001 -6.5399759e-001
 -9.2808680e-001  3.7382960e-001
  6.2927125e-001  5.1030877e-001
 -7.1388591e-001 -9.1656455e-001
 -9.3938957e-001 -3.1961159e-001
 -4.6100824e-002  4.5145352e-001
  3.2093758e-001 -6.2177773e-001
 -1.6041248e-001  3.7067012e-001
 -4.0186707e-001 -4.6399942e-001
 -5.2223879e-002  5.2313287e-001
 -8.0964470e-001 -8.8787871e-001
 -7.3772490e-001 -6.5323778e-001
 -9.8059560e-001 -7.5408061e-001
 -9.1079440e-001 -1.4476449e-001
  9.6286556e-001 -6.3222119e-001
  3.8390261e-003 -9.6270103e-001
 -7.9058155e-001  2.0989918e-001
  9.6056617e-001  3.1970545e-001
  5.2842027e-001 -5.6473347e-001
  6.2487473e-002  4.3597323e-001
 -6.0232072e-001 -9.6695757e-001
  7.8540023e-002 -1.0509580e-002
  7.9404494e-001 -5.4079732e-001
 -5.4907627e-001 -4.0007902e-001
 -8.9480195e-001  3.5146229e-001
  8.1772084e-001 -7.0885045e-002
  7.4253540e-001  8.4065769e-001
 -5.2432260e-001  5.6536043e-001
 -9.3652098e-001 -7.4359281e-001
  5.4811219e-001  3.6454367e-001
  2.1148121e-001 -7.3449840e-001
  9.4544082e-002 -5.6874205e-001
  3.6668267e-002 -1.0398817e-001
  6.3439768e-001 -7.2557630e-001
 -3.6093133e-001 -4.9583837e-001
  8.4873657e-001 -8.4029966e-001
  8.9107471e-001  7.0931388e-001
  3.2241050e-001 -3.4844024e-001
 -8.5986018e-002  1.4853753e-001
 -8.1376281e-001  6.0017496e-001
  6.4669305e-001  1.6708606e-001
  1.9845808e-001  8.3716721e-001
  3.2717799e-001 -7.3568372e-001
  4.9201698e-001 -3.1742530e-001
 -5.1145995e-002  7.8413286e-001
 -6.4289180e-001  8.9608956e-001
  9.3974633e-002  1.4117151e-001
  1.3180053e-002 -9.2132396e-001
 -9.2470361e-001  2.7090916e-001
  5.4132665e-001 -7.0232718e-001
 -5.6747515e-001 -5.4877639e-001
 -8.1243139e-001  2.0611448e-001
 -5.1356513e-001 -1.7820210e-001
 -1.7380878e-001  6.9827130e-001
  7.0601023e-001 -2.3413402e-001
  8.3621990e-001 -6.8941495e-001
  2.4039701e-001  7.8230868e-001
 -1.1848754e-001  7.1381327e-002
  4.0212946e-001 -1.4219685e-001
  1.2127575e-001  1.0376263e-001
 -7.6595348e-001 -3.2842346e-001
 -5.6060260e-002  5.6300311e-001
 -9.5718192e-002 -8.1890797e-001
 -2.4489530e-001  3.5146845e-002
  4.9423408e-001 -6.8986779e-001
 -9.7712313e-001 -1.2269288e-001
  7.3866069e-003  4.2312765e-002
  2.9137417e-001 -8.0408892e-002
  6.4063346e-001  8.1393773e-001
  8.4920978e-001  9.9632019e-001
 -8.5369295e-001 -7.6702481e-001
 -3.3465867e-001 -9.9300227e-001
  4.2678270e-001  4.9077769e-001
  1.5770209e-002 -7.3991224e-001
  4.6094490e-001 -9.5152198e-001
 -4.9163356e-001 -4.4477946e-002
  2.8747475e-001  5.7597116e-001
  9.0364440e-001 -5.1949601e-001
  2.2949212e-001  1.2245065e-001
 -8.5862731e-002  9.9556776e-001
 -3.8496283e-001 -9.4472984e-001
  5.4822096e-001 -7.0776951e-001
 -3.9014132e-001  2.3309317e-001
  9.0445312e-002 -6.2325099e-001
 -1.2136163e-001  2.8609172e-001
  9.8176649e-001  5.8713371e-001
 -6.2489686e-001 -3.1895055e-001
 -7.4125278e-001  8.4601904e-001
 -1.8216987e-001 -5.7195058e-001
 -5.7450876e-002 -8.4001646e-001
 -7.4438741e-001  8.7212854e-001
  8.5818536e-001  4.2120525e-001
 -1.6112268e-001  1.3639295e-001
 -6.7353324e-001  4.2256742e-001
  5.5339208e-001 -2.5099101e-001
 -6.6303949e-001 -1.6175991e-001
  4.1938225e-001 -3.5231313e-001
  1.8798230e-001  2.5532432e-001
  4.5941039e-001 -3.4182269e-001
 -2.6694900e-001 -3.3286284e-001
  5.5800695e-001 -9.4655790e-001
 -1.0371388e-001 -9.3044178e-001
  6.3842333e-002 -4.5987021e-001
 -8.4992197e-001  5.8572967e-001
 -1.6917696e-001  9.4909603e-002
  8.0529697e-001  2.3580685e-001
 -5.4437096e-001 -2.6761827e-001
  8.2184897e-001 -6.0194865e-001
 -5.7206412e-001 -6.8073595e-001
 -1.8431804e-001  3.5311099e-001
  3.1444806e-001 -8.5420716e-001
  5.0029522e-001  2.4478355e-001
  6.2149448e-001 -2.0856159e-001
 -5.3405392e-001  6.0488708e-001
  7.6053272e-001 -1.0293279e-003
  5.3482719e-001  8.7216391e-001
 -8.1593968e-001  8.1184215e-001
 -8.9104478e-002 -6.8986050e-001
 -6.3004871e-003  1.8521137e-001
  9.8798287e-001 -1.0407860e-001
  3.7715170e-001  4.9757916e-001
  2.1137761e-001 -3.9309281e-001
  2.5112838e-001  8.9058823e-001
  6.2717416e-001 -5.5971047e-001
  1.6797256e-001  9.7059409e-001
  8.9757942e-001 -1.5878377e-001
 -1.7843938e-001 -8.7507441e-001
 -8.7354214e-001  5.4828064e-001
  1.1895807e-001 -1.8704838e-001
 -4.3951262e-001  5.3469036e-001
 -2.4213818e-001  8.7055704e-001
 -1.6257070e-001  4.5480850e-002
 -1.8212017e-001  3.9002078e-001
 -1.9081472e-001  6.1816920e-001
  8.0768693e-001  3.9535687e-001
  1.7828743e-002  1.9074686e-001
  4.4289343e-001 -9.8218861e-001
  6.6070310e-001 -4.4256586e-001
  4.5117311e-001  6.1351779e-001
 -3.8770958e-001 -6.2347830e-002
 -4.0321031e-001  8.7297090e-001
  6.7827889e-002 -4.4555199e-001
  4.7721778e-001 -7.9425856e-001
 -5.0153192e-001 -4.8608338e-001
 -7.6617003e-001  6.9899344e-001
 -9.2912123e-001 -5.4198322e-001
  9.9150511e-001 -7.9695171e-001
  4.6031485e-001 -1.4406106e-001
  9.8731517e-001  3.1511653e-002
 -8.0467787e-001  9.1605136e-001
  8.7656274e-001 -1.5119406e-001
 -1.7859901e-001  4.2442248e-001
  3.9226082e-001 -2.7423086e-001
 -8.5211331e-001 -3.7601185e-001
 -1.0034421e-001 -7.4169877e-002
 -4.3316465e-001  3.3725107e-001
  2.7702054e-002  7.8165877e-001
  3.7581682e-001 -3.5208014e-001
  2.1482344e-001 -5.0890848e-001
 -1.3172645e-001  9.4536286e-001
  5.4219115e-001  2.5236371e-001
 -4.7899556e-001  1.4553744e-002
  2.1323706e-001 -1.7145734e-001
  5.2133573e-001  4.9126818e-001
 -4.2025267e-001  1.6166829e-001
 -4.6197195e-001  7.8128497e-001
 -7.2871155e-001 -5.0319579e-001
 -8.9041310e-001 -5.1917687e-001
 -7.0325792e-001 -1.9958082e-001
 -6.8225971e-001 -1.3801261e-001
  8.6405877e-001  2.4754900e-001
 -1.0460795e-001  4.2584635e-001
 -4.8672145e-001  7.3221700e-001
 -1.1825412e-001  1.5129837e-001
 -7.7579966e-001 -9.3691875e-001
  6.1142013e-001  5.2975705e-001
 -6.5286221e-001 -1.9364577e-001
  4.4815670e-001  1.9221473e-001
  3.4673856e-001  2.3183760e-001
 -8.6914271e-001  2.8276788e-003
 -8.4500028e-001  3.7957380e-002
  3.9180631e-001  5.1829524e-001
 -8.3693165e-001  5.9946510e-001
 -1.5729452e-001 -7.1093596e-001
  8.6522649e-001 -6.1215891e-001
  7.9079096e-001  1.0411948e-001
  1.3218530e-001 -2.5621407e-002
 -4.1602515e-001 -9.5478578e-001
  5.6212747e-001 -2.8348853e-001
  7.9956878e-001 -7.7577016e-001
 -5.7489317e-001 -9.7299643e-001
  7.4904993e-002  4.4695633e-001
  3.7743563e-001 -8.8346518e-001
  3.2604808e-001  6.3996331e-001
 -9.5252349e-001  5.3952855e-001
 -1.1948252e-001  1.4504027e-001
  7.8940121e-001  9.2624606e-001
 -7.0039125e-001  4.3432824e-001
 -1.3798069e-001  3.2082217e-001
  2.4626639e-001 -4.1561620e-002
 -1.4184652e-001  9.2506728e-001
  9.8666558e-001 -8.3236293e-001
 -1.8623845e-001 -7.2238242e-001
  6.9781124e-001 -7.2464995e-002
  2.3549806e-001  2.6211653e-002
  7.9394298e-001 -6.8526735e-001
  7.5625174e-001  7.6461189e-001
 -5.1557142e-001  6.5251551e-001
  6.7144346e-001 -9.0757879e-001
 -8.5344354e-001  5.4025954e-001
  1.0115870e-001 -2.7102389e-001
 -8.2763373e-001 -7.1123308e-001
  3.4750817e-001  8.0902260e-001
  6.7765547e-001  4.1700397e-001
 -8.2483583e-001 -8.1224250e-001
  7.6477573e-001 -8.8192345e-001
 -8.2800358e-001 -1.5940398e-001
  9.9673674e-001 -7.9668379e-001
 -8.1443518e-001 -9.9077015e-001
  6.3717386e-001  9.2598309e-002
 -5.5405413e-002 -7.5590641e-002
 -8.7918877e-001 -8.2754321e-001
  3.3351747e-001  3.0831900e-002
  5.0868597e-001 -4.8027214e-001
  3.9652691e-001 -7.1348752e-001
 -4.3235234e-001 -8.7927037e-001
 -2.0687313e-001  1.6531101e-001
 -2.4310238e-001 -3.4696988e-001
 -4.2537677e-001 -2.2334834e-001
 -6.6492100e-001  6.9773691e-001
 -2.9292632e-001  7.9820279e-001
  7.8704634e-001 -4.1681764e-001
  9.4279718e-001 -5.4701305e-001
 -6.6770005e-001 -5.4886288e-001
 -4.1665316e-001  5.4836753e-001
  1.3839970e-001 -3.2038264e-001
 -4.5583564e-001 -2.4359514e-001
 -1.4978400e-001  3.9459820e-001
 -5.0031100e-001 -4.1811161e-001
  3.7280826e-002 -1.8972967e-001
 -2.7352382e-001  7.9132752e-001
 -8.7146100e-001  6.7645250e-001
  1.2976987e-001 -1.2797432e-001
  4.3264110e-001  7.5700432e-001
 -6.4971583e-001 -7.5866399e-001
 -8.9024649e-001 -6.5921994e-001
  9.7281314e-001  2.4076750e-001
 -2.0452858e-001  9.2635831e-001
 -4.4219109e-001 -7.4625180e-001
  1.7595953e-002 -8.7287208e-001
  8.2388988e-001 -5.2431121e-001
 -7.4358971e-002 -5.3327651e-001
  3.2517121e-001  1.6324899e-001
  6.5102695e-001 -6.2940961e-001
 -8.0072354e-001 -7.5928723e-001
 -8.0587491e-002  7.2874687e-002
  5.0081974e-001 -6.4537486e-001
  8.1271214e-001  5.6220551e-002
 -7.5859278e-001 -4.0024162e-001
  8.1361687e-002  7.5877625e-001
 -4.4801719e-001  5.7977596e-001
 -6.7703012e-002 -2.6841773e-001
  2.3898387e-001  8.5535367e-001
  4.5782076e-001  6.5912957e-001
  5.9626170e-001 -9.7043933e-001
  2.0033206e-001  9.6490430e-001
 -4.8163400e-001  8.7329723e-001
  2.8472563e-001  5.5819537e-003
  6.8230253e-001 -3.4294665e-001
 -8.6680821e-001 -7.1359251e-001
 -1.1494567e-002  5.8733328e-001
  7.8113722e-001  8.2046243e-001
 -6.4084098e-001  3.3896799e-001
  7.5797370e-001  2.1857098e-001
  3.9425046e-001  3.1059659e-001
 -3.5338721e-001  6.1480728e-001
  5.2316142e-001  2.6480405e-001
  6.4726440e-002  5.2010286e-001
 -9.7039579e-001 -3.2515443e-001
  7.2880545e-001 -6.6046242e-001
 -8.5003626e-001 -7.3551997e-001
 -9.6699669e-001 -6.3206072e-001
 -8.1031034e-001  4.1924611e-001
  3.5552756e-001 -1.8491372e-001
  8.9885610e-001 -7.7191852e-001
 -2.7120752e-001 -7.1868548e-001
  1.2468602e-001 -3.4839813e-001
 -7.5970891e-001  7.8050420e-001
 -9.5665265e-002 -3.6504431e-001
  2.9012909e-001  4.5452226e-001
 -5.9674523e-001  7.8927939e-001
 -2.7050814e-001 -6.8707308e-001
  5.2009336e-001 -2.0260526e-001
  6.8431569e-001 -3.4680495e-001
 -1.6910325e-003 -8.1004709e-001
  2.4780970e-002 -7.6408427e-001
  4.7799208e-001  2.4953017e-001
 -9.2682337e-001  1.6982068e-001
 -2.3891585e-001  8.6379671e-001
  6.4693959e-001  4.4549139e-001
  7.9650932e-002  2.9353331e-001
 -3.7031877e-001  1.4216388e-002
  7.8393543e-001  2.4428463e-001
  3.1383791e-001 -3.6620976e-001
  5.6865922e-001  9.7380313e-002
  3.3571206e-001 -9.8573353e-001
 -4.8083692e-001  7.4024633e-001
  7.5091402e-002  4.2179360e-001
  3.3839273e-001  1.2563340e-001
  1.1113890e-001  6.8487949e-001
  2.7109446e-001 -6.9954598e-002
 -5.5807113e-001  1.0479687e-001
 -3.6844136e-001  7.7638524e-001
 -3.1147664e-001 -3.0933615e-002
  7.9528638e-002 -7.3803493e-001
 -5.1337397e-001  4.3805733e-001
  9.2819388e-001 -1.7398672e-002
  6.6338686e-001 -2.5116237e-001
 -9.1706867e-001  3.6046340e-001
 -8.4676685e-001 -4.8822773e-001
  3.0486421e-001 -2.0335243e-001
  5.3009527e-001  2.3398249e-001
  6.2733077e-001 -3.7342367e-001
  1.4334381e-001  2.2940508e-001
 -2.0656793e-001  2.3387961e-001
 -6.3118792e-001 -2.7058559e-001
  1.6258757e-001 -5.7853033e-001
 -1.4372548e-001 -9.6110244e-001
 -4.1315643e-002  3.4260938e-001
  5.8021191e-001  9.4542062e-001
 -3.6189711e-001  3.2906807e-001
  9.1101922e-001 -3.2493295e-001
 -9.7470854e-001 -1.6649827e-002
 -2.7146550e-001  5.5465828e-001
 -2.3030490e-001 -7.9509882e-002
 -5.9811130e-001 -7.0471606e-001
  4.1009474e-001 -9.1866718e-002
  6.1005479e-001 -9.0138497e-001
  1.8649069e-001 -2.5244776e-001
  3.2950847e-001 -3.4859763e-001
  1.4548705e-001  7.9035998e-001
  5.7366838e-001 -4.8379971e-001
 -4.6685149e-001  4.1862489e-002
  6.5764030e-001 -9.0325303e-001
  2.1522770e-003  6.4546978e-001
 -6.8817623e-001  6.4610869e-001
 -5.2877926e-001  5.9917194e-001
 -3.2539705e-001  3.4057892e-001
  5.8123411e-001  9.4207282e-001
  8.4331721e-001  6.0509607e-001
  7.3060290e-001 -2.9129359e-002
 -2.5332580e-001 -7.6746494e-002
  8.8459417e-001 -9.0885744e-001
  4.2090697e-001 -2.2629032e-001
 -8.9533324e-001  7.0983935e-001
  5.4046217e-001 -4.7596395e-001
  3.7180050e-001 -6.1676033e-001
  7.4492758e-002 -2.7087177e-001
  2.0868077e-001  6.6322049e-001
 -4.1114428e-001  3.1167229e-002
  4.3957114e-001 -6.2922064e-001
 -7.4699057e-001 -3.4565948e-001
  8.4223728e-001 -7.4127886e-001
  1.5567765e-001 -8.3296863e-001
 -8.3064454e-001 -9.6299796e-001
 -6.2215138e-001  8.3249017e-001
 -6.0462843e-001 -2.0005652e-001
  1.0853045e-001  5.7370664e-001
 -9.9744526e-001  3.7123596e-001
 -7.5914334e-002  4.2397319e-001
  9.3139889e-001 -1.2522178e-002
  9.5731338e-001  6.1631758e-001
 -2.3321094e-002 -4.8852487e-001
 -9.8207163e-001 -1.5982202e-001
 -4.7371293e-002 -7.2665669e-001
 -8.7637772e-001 -4.0900146e-001
  6.7669387e-001 -5.9761532e-002
 -6.1331579e-001  9.6632055e-001
  2.1149319e-001  2.6622667e-001
 -7.8591262e-001  3.6835030e-001
 -8.4713330e-001 -1.0546263e-001
 -1.3051929e-001  1.1678685e-001
 -9.2516458e-002 -6.8013744e-001
 -7.7681789e-001  2.7929459e-001
  9.9689843e-001 -8.4883738e-001
 -4.6541014e-001  9.2188012e-001
  3.2358061e-001  7.0169738e-001
 -3.5268672e-001 -5.9952574e-001
 -1.7507662e-001 -9.2953884e-001
 -2.5289157e-001 -3.0635649e-001
  5.6512351e-001  8.3618002e-001
  9.6768904e-001  9.0722439e-002
  5.0376353e-001  5.4570967e-001
 -7.2437981e-001  2.6885169e-001
  1.3592144e-001 -3.9437533e-001
 -7.9598260e-001  1.1602986e-001
 -1.4197712e-001 -5.8588018e-002
  8.6730288e-002 -2.0549449e-002
  3.7819041e-001  1.8866604e-001
 -8.7967229e-001  9.0499237e-001
 -1.8888476e-001  9.0706048e-001
 -7.5131745e-001 -8.0868883e-001
  5.1023730e-001 -1.2439651e-001
 -3.6904140e-001 -3.5755354e-001
  5.3811040e-002 -9.4799056e-001
 -1.4969963e-001  6.9219485e-001
  9.5961120e-001  1.0938685e-001
  6.0625570e-002 -4.0173251e-001
  7.7442822e-001  2.6472325e-002
 -6.9391129e-001 -9.3504701e-001
  1.9684038e-002 -9.1074695e-001
 -3.0871552e-001  5.3217185e-001
  7.8729423e-001 -9.9891735e-001
 -2.9728403e-001  6.3051530e-001
 -1.3793007e-002 -6.3918180e-001
 -7.5774594e-001 -8.7847204e-002
 -7.1070012e-001  3.4114293e-001
 -3.8788305e-001 -9.1127498e-001
  5.3053988e-001 -9.0435955e-001
 -8.4482206e-001  1.2255341e-001
  5.6205535e-002 -9.8484154e-001
  1.8420742e-002  9.9469917e-001
  9.9646557e-001 -6.9787126e-001
 -8.6409534e-001 -2.6482735e-001
 -4.4231931e-001  3.7769672e-001
 -2.1819032e-001  3.8169337e-002
 -2.2870251e-001 -2.0939692e-001
  3.1980435e-003  8.0971052e-001
 -8.0036568e-001  8.4083050e-001
  1.6342777e-002  9.1904383e-001
 -5.8637132e-001  4.7256276e-001
 -2.3751755e-001  1.0796032e-001
 -4.2570676e-001 -5.9159039e-001
 -6.6902430e-001  5.9231627e-001
  7.7542141e-001  8.0981005e-001
 -6.1381762e-001  2.8495204e-002
 -3.7813408e-001  3.7183295e-001
  9.0982388e-001  5.5118055e-001
 -9.1779019e-001  3.0539151e-001
  2.0690659e-001  6.0984151e-001
  7.0850177e-001  6.0155095e-001
 -9.3344610e-001 -2.4745962e-001
 -8.0754997e-001 -2.2972990e-001
 -5.9007433e-001 -7.2578116e-001
  6.2809886e-001 -5.8668935e-001
  3.7334680e-001  5.3197168e-001
  6.9093233e-002  6.6675283e-001
  6.8478543e-002  9.5477833e-001
  1.3131326e-001 -8.6609190e-001
  4.6162384e-001  7.0527660e-001
  7.4528145e-001 -2.9535308e-001
 -3.1122422e-001  7.0321095e-001
  6.0893672e-001 -7.7693937e-001
  9.4347994e-001 -8.1701510e-001
 -4.6831823e-001  8.1832343e-002
 -8.1146859e-001  4.7766746e-001
 -3.3496082e-001  1.1006815e-001
 -2.5242521e-001 -8.6546644e-001
 -5.0244570e-001 -6.0710868e-001
 -8.4842496e-001 -7.0819883e-002
 -1.6087082e-001 -4.9119209e-003
  7.3284607e-001  8.2381924e-001
  4.2868229e-001  1.6648882e-001
 -8.9556269e-001 -5.9569952e-001
 -9.5660080e-001 -4.0168004e-001
  4.0927733e-002 -4.1109377e-001
  5.8021155e-001 -7.2503919e-001
 -6.7648818e-001  1.3070346e-001
 -2.7494935e-001 -8.1576412e-001
 -1.0871951e-002  1.2740750e-001
 -9.9892169e-001 -8.8544368e-001
 -8.6083298e-001 -6.7382114e-001
  4.3387192e-001 -1.4011184e-002
 -4.5409197e-001  4.0862637e-001
 -6.2866301e-001 -8.1749790e-001
 -7.3578833e-002 -9.5594223e-001
 -4.4818878e-001  7.0992284e-001
  4.5019566e-001 -8.0564416e-001
 -5.9537655e-001 -4.0476601e-002
  5.7926954e-001 -4.7191192e-001
  4.2661416e-002  2.1064026e-001
 -9.1637396e-001  8.1075602e-001
  9.6113189e-001 -7.9776932e-002
  2.9789938e-001  4.7551176e-001
 -1.4684957e-001 -1.6602979e-001
 -7.5351947e-001  1.6225301e-001
 -8.7217779e-001  8.3906661e-001
  4.6672814e-001  1.6049721e-001
 -3.3349317e-001  1.4234208e-001
 -9.9524446e-001 -1.5834429e-001
 -5.5919751e-001 -1.3810091e-001
  1.8907391e-002 -5.8385800e-001
 -5.7569799e-001  7.1233834e-001
  3.8497054e-001  9.3938965e-001
  9.1487366e-001  4.0007950e-001
 -6.1328702e-001  6.9752037e-001
 -8.8086259e-001  1.8160022e-001
 -8.3660031e-001  6.2424331e-001
  2.6478668e-001 -2.9990402e-001
 -8.4884621e-001 -5.1392134e-001
  6.4619339e-001 -9.8688475e-001
  4.0177499e-001 -4.1833290e-001
  6.0562904e-001 -6.2739509e-001
 -1.7602327e-001  4.4481842e-001
 -3.0374938e-001 -4.7373886e-001
 -1.1988719e-001 -1.5450688e-001
  5.2273240e-002 -4.2190809e-002
 -5.3205492e-002  1.6811303e-002
 -9.7052789e-001  6.4873508e-001
 -5.6430100e-001 -5.0154736e-001
 -1.4149696e-001  4.9140603e-001
  5.8998935e-001  5.5963305e-001
  8.5370906e-001 -1.8056374e-001
  9.3991881e-001  2.8192585e-001
  3.9107484e-001  5.3245057e-001
 -7.0886975e-001  1.5505718e-002
 -4.4878524e-001 -8.5714613e-001
 -7.8340635e-001 -9.4884176e-001
 -9.7206598e-003 -6.2874084e-001
 -6.6124945e-002 -8.6490210e-001
 -1.6291196e-001 -8.4701488e-001
  6.1009314e-001 -2.2326365e-001
 -8.0145612e-001 -5.8320577e-001
  1.3544645e-001 -6.7601452e-001
  7.9094366e-001  4.2566533e-001
  5.3910165e-001 -6.6868630e-001
  1.0392576e-001 -3.4147172e-001
 -5.1580707e-001  1.9014187e-001
  4.3569089e-001  4.7401718e-001
 -1.5806513e-001  8.9330653e-002
  9.4649167e-001  8.9903300e-001
  1.0711235e-001  5.0250961e-001
 -6.2475301e-001  3.6991750e-001
  6.2500943e-001  2.3730764e-001
  6.1309613e-001  2.3115693e-001
  3.9824531e-001 -2.7299230e-001
  1.2829888e-001  1.0266170e-001
 -2.5346479e-001 -2.0221767e-001
  8.7767808e-001 -4.0530558e-001
 -4.5522319e-001 -3.5194745e-001
  5.9973692e-001 -7.6510305e-001
  4.4321712e-001 -4.9175557e-001
  6.1286393e-001  3.4682966e-001
 -4.5460814e-001  1.0394314e-002
 -8.0451140e-001  2.3465086e-001
 -2.1609500e-001  4.0463019e-001
 -2.7258954e-001 -4.8413033e-001
 -5.9091156e-001 -2.2972340e-001
  8.1402519e-001 -1.7005834e-001
 -3.0931623e-001 -5.5646776e-001
 -1.3476723e-001 -2.0840346e-001
  1.7151167e-001  8.7160110e-001
 -8.1292352e-001  2.0555605e-001
 -9.8252240e-001 -9.8184068e-001
  8.0354149e-001 -7.4719895e-001
  6.6665526e-001  2.1458851e-002
  9.9560053e-001 -9.5545039e-001
  9.9712978e-001 -6.3547708e-001
 -3.1288966e-001  1.3921657e-001
  2.3793643e-001 -4.3428342e-001
 -4.9640855e-001 -1.8207000e-001
  4.5475825e-001  8.3699191e-001
  3.7660419e-001  3.8530780e-001
 -8.7753729e-001 -9.6275875e-001
  7.7976005e-001  6.7406657e-001
 -8.3714523e-001  9.8821756e-001
 -5.6155203e-001  6.4500651e-001
  7.3067852e-001  1.1121016e-001
 -8.4620373e-001  8.3976265e-002
  1.1870864e-001 -3.5587374e-003
 -9.4248569e-001 -7.0038103e-001
  6.5007979e-001  6.8537626e-002
 -7.8214812e-001  5.3833527e-001
  8.4559837e-001 -6.9578394e-001
 -4.8269048e-002  7.9742167e-001
 -8.5008822e-001  2.4639151e-001
 -7.3781099e-001 -1.9881256e-001
  8.4630978e-001 -5.4994061e-003
  5.8011580e-001 -7.0193231e-001
  2.9385149e-001  2.1043233e-001
 -7.6278070e-001  2.1186652e-003
 -4.0762794e-001 -8.4432333e-001
 -6.1490503e-001 -3.1077258e-001
 -8.2606859e-001  2.6008706e-001
  8.0820536e-001 -3.2660901e-001
 -7.6737411e-001 -3.6699348e-001
  8.1281568e-002 -6.0646051e-001
  5.2664007e-001 -1.8707015e-001
 -3.9241635e-001  8.9831879e-001
 -5.5735729e-001 -3.3017547e-001
  5.7834695e-001 -5.9817850e-001
 -6.5133086e-001 -5.1905119e-001
  2.3235539e-001 -5.6125301e-001
 -8.0111553e-001 -3.8764477e-001
 -2.6999073e-001  7.2670639e-001
 -9.5786858e-001  8.6704512e-001
  9.2060920e-001 -7.3012790e-001
 -7.9979821e-001 -6.0954926e-001
  7.6826915e-001  5.0612659e-001
  8.9535061e-001  1.6763549e-001
  5.5226010e-001 -3.4501403e-001
  7.3431100e-001  3.1219575e-001
 -4.2850794e-001 -4.8231530e-001
  7.1798657e-001  1.7520938e-001
 -5.2807578e-001  5.8704112e-001
 -4.6703430e-001 -8.0200031e-001
  9.1203651e-001 -9.7330826e-001
  5.1684751e-002 -6.6174295e-001
 -4.0081853e-001 -9.0940452e-001
  5.8636857e-001  4.3138280e-002
  2.2320287e-002  7.7499454e-001
 -8.8270378e-001 -7.2874838e-001
  9.5011176e-001 -9.2452429e-001
 -6.0553224e-001 -1.2803016e-001
  6.1116968e-001 -7.4396440e-001
  8.4351323e-001 -3.5788450e-001
  7.9888044e-001  7.4403266e-001
  5.4660436e-001  1.8858949e-001
 -9.0111201e-002  9.7111347e-001
  3.1422051e-001  6.9681032e-001
 -3.8900043e-001  3.4529037e-001
 -3.9693156e-001  6.2297235e-001
  3.5705653e-001 -9.6361990e-001
 -1.4438562e-001 -9.7857975e-001
  6.5382274e-001  3.7255691e-001
 -2.3160003e-001  7.0306577e-001
 -6.4921005e-001  7.2593161e-001
  3.2062448e-001  7.1237148e-001
 -4.0340655e-001  8.8307326e-001
 -6.0074622e-002 -4.6794142e-001
  1.1095442e-001  9.9558418e-001
  3.7475390e-002 -6.0046603e-001
  5.1611308e-001  6.2183050e-001
  8.7210217e-003  8.1306210e-001
  4.8047158e-002  9.8374652e-001
  2.1484372e-001  4.1053759e-001
  9.1460671e-001 -6.4347262e-001
  8.9643726e-001  6.3296641e-001
 -7.4487678e-001 -3.0279924e-001
  4.5422264e-001  6.4736546e-001
 -5.5683688e-001 -1.5482170e-001
  1.7602881e-001 -2.0059629e-001
 -7.8336274e-001  4.6293350e-001
  2.5495205e-001  3.4046127e-001
  7.3553302e-001  6.5170005e-001
 -2.5203861e-001 -5.3275646e-001
  2.1768622e-001  6.4858929e-001
  5.9015477e-001 -5.6265766e-001
 -3.7279918e-001 -5.3447726e-001
 -5.8525925e-001  4.9763935e-001
  6.5653597e-001 -2.3186214e-001
 -7.0977661e-001  4.3841534e-001
  1.4161885e-001 -2.9207145e-001
 -4.9715666e-001  3.6201703e-001
 -2.8385758e-001  8.3710123e-001
  3.0274709e-001  2.8112232e-001
 -4.9215235e-001 -6.9554877e-001
  5.8705234e-001 -4.6503143e-001
  7.7235550e-003  6.2453571e-001
  3.6747742e-001  7.5884892e-001
  4.9827013e-001 -6.0089468e-001
  4.2038971e-001 -9.2790896e-001
  4.9748373e-002 -6.5986187e-002
 -2.2763592e-001  5.5930658e-001
  6.3330776e-001  9.8937704e-001
 -2.1051830e-001  4.0603889e-001
  8.1373041e-001 -8.6574825e-001
 -2.9712131e-002 -2.0230024e-001
  3.7750700e-001  1.9160332e-001
  7.7066517e-001  1.3409963e-001
 -7.8360625e-001 -7.5484830e-001
  1.0716708e-001  9.0521673e-001
 -5.4881756e-001 -8.3018499e-001
  5.8163116e-001 -5.8115118e-001
 -5.8744595e-002 -8.1855442e-001
  2.3623942e-001  9.0259494e-001
  5.5516818e-001  6.3201996e-001
 -4.7884006e-001 -6.0948558e-001
 -2.6991374e-001 -7.0523123e-001
  5.2897892e-001  2.6184858e-001
 -4.6683517e-001  6.2560451e-002
 -5.7179091e-001  9.0719002e-001
  3.2685998e-001 -4.5579100e-001
 -2.0481375e-001  7.8817735e-001
 -4.8354202e-001  6.6960025e-001
  3.1608321e-001 -1.2630152e-001
  1.8370399e-001  8.3685074e-001
 -3.6223648e-001 -2.1776905e-002
 -8.9777595e-001  6.2028058e-001
 -8.1848279e-002  1.6361350e-001
 -6.2917696e-001  5.1648427e-001
  2.5339306e-001 -2.4876590e-001
 -5.0408435e-001 -4.7763185e-001
  3.4623406e-001  6.3933624e-002
 -7.8818915e-001  7.5288329e-002
 -3.8531069e-001  1.2946573e-001
  9.9171631e-001 -5.9581281e-001
  3.4842810e-001 -3.1946550e-001
  5.8982920e-001  1.4835883e-001
 -7.9013527e-001 -6.2731544e-001
 -7.4052950e-001 -4.8120888e-001
 -9.6953549e-001  4.0226776e-001
 -4.0815371e-001  6.2986450e-001
 -6.2155130e-001  7.6075344e-001
  7.6890413e-001 -6.2168035e-001
 -5.4802500e-001 -4.7950209e-001
 -4.0386031e-001  3.9585255e-002
 -8.6429322e-001 -9.9575725e-001
  8.6603522e-001 -3.2339485e-002
 -6.6589920e-002 -9.7626308e-001
  3.8037154e-001  4.7023944e-001
  2.9276695e-001 -4.7842656e-001
 -5.8675266e-001  1.7695222e-001
 -7.1045543e-002 -7.3282361e-001
  7.1514858e-001  6.1184440e-001
 -5.6836441e-001 -1.5355837e-001
 -1.8133892e-001 -3.7245718e-001
 -9.8257089e-001  6.5105959e-001
  4.2713849e-001 -2.1757507e-001
  3.1747315e-001  2.3545347e-001
  6.3382071e-001  2.6923559e-001
 -4.6058035e-001 -6.6598118e-001
 -6.5687107e-001  5.1040154e-001
  8.1737089e-001 -6.8506721e-001
 -2.1992773e-001  3.2085409e-001
 -3.2652359e-001  6.9263667e-001
  9.0860130e-001  9.8844185e-001
  1.3672694e-001 -9.4732863e-001
 -4.3542783e-001  5.2478119e-001
  2.8172111e-001 -9.9294654e-001
 -4.0967993e-001  8.5845977e-001
 -5.1829733e-001 -3.4090536e-001
  6.3395233e-002 -7.3786697e-001
  6.2094948e-001 -1.1667393e-001
 -9.1092414e-001  5.3279768e-001
 -6.9847880e-001  5.4897719e-001
  5.7374658e-001  9.4039598e-001
  2.4348037e-001  7.8625836e-001
 -1.0806938e-001 -6.7981390e-001
  5.9332006e-001 -8.5309267e-001
 -9.8723949e-001 -1.4841808e-001
  9.2849360e-001 -1.7345064e-001
 -6.3749769e-001 -5.1327548e-001
  7.2476482e-001  4.0764791e-001
  6.8928996e-001 -5.9191189e-001
 -7.9869847e-002  7.4531768e-001
 -5.2770667e-001 -6.4279434e-001
 -5.9918984e-001 -9.5610611e-001
  7.6156184e-001 -3.2071351e-001
  1.6513718e-001 -6.7179143e-001
 -2.7800972e-001 -9.9335393e-001
  8.6949982e-001 -3.9840305e-002
  7.6584037e-001  5.7110430e-001
  6.5928481e-001  4.0003175e-001
 -7.3660048e-001 -5.1181924e-001
  6.4806084e-002 -2.1019942e-001
 -8.4980220e-001 -5.5201405e-001
 -9.3774709e-001 -4.9076317e-001
  4.9688839e-001  3.1710787e-001
 -3.7849173e-001  3.1794563e-001
  5.0334015e-001 -5.2868655e-001
  4.7557327e-001 -3.4275098e-001
 -1.5693331e-001 -2.9259862e-001
  2.4863861e-001  7.2084428e-001
  1.6967132e-001  8.3278819e-001
  7.3470873e-001  3.5633452e-001
 -1.3631075e-001 -9.0283589e-001
  6.3760152e-001 -9.4772512e-001
 -4.8673159e-001  8.5317156e-001
  2.7959299e-001 -6.3209720e-001
 -9.1142173e-001  7.7125990e-001
  2.7319474e-001  1.0911332e-001
 -2.4370658e-002 -1.4844776e-001
 -3.6345122e-001 -8.1367365e-001
 -6.6905246e-001 -5.1798593e-001
  7.7899785e-001 -1.9990562e-001
 -6.8043251e-001  9.3596264e-002
 -7.1507487e-001  8.3704433e-001
  5.9683337e-001  7.6231872e-001
  4.4520631e-001 -2.4562770e-001
 -8.2789028e-002 -6.5503096e-001
  8.9129023e-001  4.5588638e-001
 -2.3002260e-001  4.2515652e-001
 -2.3971104e-001 -4.4939050e-001
 -3.0106728e-001  3.8646754e-002
 -2.1739437e-001 -5.8573808e-001
  5.8674238e-001 -1.1218414e-001
 -2.0512739e-001 -1.8672329e-001
  1.7334802e-001 -3.4564240e-001
  2.9880273e-001 -7.0253357e-002
 -4.4675465e-002  7.8319598e-001
 -8.5374746e-001  2.7657070e-001
  4.4338970e-001  2.5603289e-001
 -5.1317928e-001  4.1223817e-001
  6.4186170e-001  2.6872916e-001
 -6.8103977e-001 -2.0802244e-001
  7.5503600e-001  2.0252493e-001
 -3.9064045e-001 -1.7418073e-001
 -7.5007420e-002  2.5117420e-001
  4.9094522e-001 -8.9881361e-001
 -6.8015382e-001 -5.5624602e-001
  1.9056460e-001 -9.3348862e-001
 -4.5807345e-001 -5.9955906e-001
  8.9970822e-001  6.5205123e-001
 -7.8845826e-002 -7.9223779e-001
 -3.8113155e-001 -1.0540485e-001
  7.8795139e-001 -7.3309497e-001
  5.1177688e-001 -6.4949507e-001
  7.2444939e-001  6.0112025e-001
  9.5960910e-001  2.7424361e-001
  2.1059204e-001  2.6190943e-002
  1.4583818e-001 -7.8383833e-001
  6.7953157e-002  2.5234067e-001
  1.2488958e-001  7.5380772e-001
 -9.0081457e-001  7.3088075e-001
 -6.9611080e-001  8.3598626e-001
  7.8000644e-001  1.3397286e-001
 -9.6798231e-001  1.9588508e-001
  3.4288259e-001  7.0524208e-001
 -4.6450268e-001  2.2771572e-001
  9.7287466e-001  8.8267188e-001
 -7.6297354e-001 -7.2589083e-001
  4.2210195e-001 -6.8875339e-001
 -9.9551989e-001 -6.1417463e-001
 -7.7111301e-002  4.8741066e-002
  9.9347905e-001  9.2458735e-002
 -6.6389796e-001  3.2109179e-001
  1.7152030e-002  4.2165462e-001
  8.9459838e-001  6.6532600e-001
  5.1655004e-001  8.9531228e-001
 -8.7754604e-001  6.4906830e-001
  1.9560887e-001 -3.2939850e-001
 -8.0641546e-002  1.5062644e-001
 -5.3124609e-001  8.7962701e-001
  6.9602772e-001  3.9437376e-001
 -8.6294225e-001 -2.4202349e-001
 -2.4869437e-001 -9.8750567e-001
  3.7115591e-001 -5.1471162e-001
  4.9100097e-001  2.3896182e-001
 -6.8634898e-001  3.5421839e-001
  5.5719369e-001 -8.2204443e-001
  9.6930423e-001  3.4837444e-001
  1.1377194e-001 -9.7973968e-001
 -1.7412894e-001  3.3809496e-001
 -2.8856182e-001  5.1232040e-001
 -4.1918417e-001 -5.5500094e-002
  2.5335703e-001 -1.6569579e-001
 -1.5970263e-001 -3.8348142e-001
 -5.4867468e-001  6.9227084e-001
  7.2957938e-001  1.8347712e-001
  4.3951525e-001 -3.5503526e-001
  1.2808034e-001  4.7807767e-001
 -1.9653332e-001 -2.6906562e-001
 -1.6143359e-001  9.9722617e-001
  5.9656638e-001  1.8251683e-001
  1.3002064e-001  6.1786525e-001
  2.7294592e-001 -4.5566425e-002
 -7.3652355e-001  9.5121042e-001
  4.5163908e-001  7.0401903e-001
 -8.7963997e-001  8.3943070e-001
 -8.7438815e-001  4.7631965e-001
 -7.8665349e-001 -9.8047983e-001
  2.4842548e-002 -8.2099594e-001
  2.8549782e-001  7.4448464e-001
  8.3126108e-001 -1.8696543e-001
  4.9543761e-001 -5.5291403e-001
  2.9127045e-001  4.4240761e-001
  4.4349759e-001  5.7193249e-001
  9.9593273e-001  8.6139560e-001
 -4.7760954e-001  9.3939164e-001
 -5.2497963e-001 -4.2003543e-001
  6.2556863e-001  5.6517359e-001
  8.6090114e-003  4.8369419e-001
  8.8224558e-001  8.7780975e-001
 -8.1261151e-001  4.4869699e-001
 -3.4000906e-001  5.2477141e-001
  7.5120232e-001 -3.8926675e-001
 -6.3972148e-001  9.7521098e-001
  1.8351071e-001 -7.8538671e-001
 -5.9656601e-001 -4.7790441e-001
  9.1934235e-001  7.9858158e-001
 -1.3636937e-001 -7.6320103e-001
  8.5856083e-001 -4.0106610e-001
 -9.6980827e-001  6.8990897e-001
  3.9233199e-001 -8.1585013e-001
  1.8466570e-001  7.1723753e-001
 -8.0796924e-001  6.3667790e-001
 -6.5024797e-001 -9.0101086e-001
  6.9778174e-001 -1.7624744e-001
  5.7130858e-001  7.5474888e-002
 -3.8530255e-001 -7.1039378e-001
 -3.1731550e-001 -6.6885977e-001
  9.0452468e-001  7.0961537e-001
  1.9064743e-002 -6.0079638e-001
 -9.2855544e-001 -2.1695608e-002
 -9.3871750e-001  5.4654700e-002
 -4.0981108e-001 -3.3945590e-001
  4.8539974e-001 -4.6891622e-001
 -4.9716154e-002  3.3853744e-001
 -2.8948852e-001 -2.4106041e-001
 -5.7707507e-001  6.5487683e-002
  2.1811629e-001  7.8215189e-001
 -9.0648382e-001 -6.9169689e-001
  9.7743265e-001  4.9624492e-001
 -1.3972049e-001  6.1322165e-001
  1.2544644e-001 -9.1788518e-001
  6.4903221e-001 -8.7821240e-001
  5.4380202e-002 -6.9098823e-001
  9.9005819e-001 -4.3887381e-001
 -8.2486109e-001  9.1149631e-001
 -4.6906941e-001 -5.6354949e-001
  8.3885834e-001 -9.0672201e-002
 -7.0294196e-001 -8.3715212e-001
 -2.0022785e-001 -7.6673118e-001
  9.7932812e-002 -7.2387887e-001
  5.5825739e-001  6.3410572e-001
  4.3197996e-003 -1.3556235e-001
 -5.8166549e-001  7.4334300e-001
 -4.1508021e-001  4.3512519e-001
  6.5322225e-001  9.8584826e-001
 -4.7101875e-001 -4.8275196e-001
 -9.1560056e-001  8.9468545e-001
 -1.6306291e-001 -2.7662033e-001
 -4.8798533e-001  3.8998720e-002
 -3.6908318e-003  2.1807737e-001
 -9.8082686e-001 -7.9022795e-003
 -3.4025343e-001  6.1595411e-001
  1.7600801e-001  4.3505475e-001
 -2.6197137e-001 -4.9556233e-001
 -7.2304012e-001  3.3932172e-001
  9.7245308e-001  5.5675386e-001
 -4.9267282e-001  6.2696744e-001
  7.7155477e-001 -6.2137823e-001
 -5.6832035e-001 -3.0692521e-001
  7.5408850e-001 -8.3977260e-001
  6.5339578e-002 -4.3943011e-002
 -1.7536842e-001  8.2057926e-001
  3.2912065e-001 -9.5417083e-001
  7.3741945e-001  2.8972369e-001
  3.8431689e-001  9.9164504e-001
  3.0776944e-001 -3.5575149e-001
 -5.0515742e-002 -5.7304534e-002
  4.4816589e-001 -2.6038028e-001
  5.3015146e-001 -5.3997295e-001
  5.2395501e-001 -7.4450064e-002
  4.7368526e-001  2.8448152e-002
 -9.3919386e-001  2.4390283e-001
 -7.7295126e-001 -8.2608085e-001
 -9.4597004e-002 -4.2708939e-001
 -6.9918565e-001  3.9747029e-001
 -5.3411735e-001  6.8700096e-001
 -5.1875365e-001 -9.5407242e-001
  7.0717305e-002 -7.5901314e-001
  4.3740210e-001  7.1297231e-001
 -6.0381353e-001 -1.0399650e-001
 -6.7190713e-001  1.3260250e-001
  1.7950549e-001  4.2421314e-002
  6.9332723e-001  1.8114679e-001
  8.1791950e-001  4.3972201e-001
 -5.8606839e-001  8.9854346e-001
 -7.5932535e-001  2.4263384e-001
 -3.3959176e-003  4.8690141e-001
  8.7576754e-002 -4.3381419e-001
  6.8839517e-001 -7.4960828e-001
 -4.9006501e-001 -7.6776248e-001
 -6.7382754e-001 -7.9103423e-001
  3.2161501e-001  6.0854956e-001
 -3.6069490e-001 -1.5716554e-002
 -7.1404077e-001 -2.4796782e-001
  3.7334794e-001 -5.4220139e-001
 -7.8737059e-001  5.7733510e-001
  5.9179989e-001  2.6013135e-001
 -2.6397681e-001 -7.2238927e-001
 -1.0407120e-002 -9.0829731e-001
  7.3355849e-001 -6.0437571e-001
 -3.0879429e-001  7.5832068e-001
 -9.1529629e-001 -3.9317075e-001
 -9.3649458e-001 -1.9324145e-001
  5.1880361e-001  4.3935174e-001
  3.0347293e-001 -5.1054122e-003
 -1.7790163e-001  3.8960728e-003
  2.5201815e-002  3.1243182e-002
  4.2684384e-001  5.1117285e-001
 -9.7350484e-001  2.8949829e-001
 -4.9926629e-001  4.1624132e-001
  6.6026577e-001 -8.5868609e-001
 -2.4909592e-001 -4.8906198e-001
 -5.4599905e-002 -7.7441969e-001
  3.9884241e-001  4.2155222e-001
 -3.8630040e-001  6.0976786e-001
  5.4196159e-001 -4.4879505e-001
 -3.8309042e-001 -5.2702261e-001
 -8.6624625e-001  9.0427940e-001
 -8.8877004e-001 -5.3173691e-001
 -1.9870359e-001 -1.7675441e-001
  7.2825207e-001 -2.4893214e-001
 -6.0479954e-002 -2.0810182e-001
  9.8863858e-003 -2.9603684e-001
  8.0996546e-001  7.3463110e-002
  4.0780432e-001  2.0298426e-002
 -4.9220677e-001  3.6265265e-001
  4.2431318e-001  3.6607057e-001
 -1.0094407e-001 -4.2218247e-001
 -7.0428610e-001  2.6198422e-001
 -7.5853096e-001 -4.3054037e-002
 -4.1708733e-001  5.7129493e-002
  9.6500885e-001 -6.9705527e-001
 -4.7741707e-001  3.9639792e-001
  3.6302114e-001  3.4542036e-001
  3.3501789e-002 -2.6875821e-001
  9.0600274e-001 -8.1326436e-001
  1.0194097e-001 -6.0307358e-001
  5.1385849e-002  8.9274646e-001
 -3.7836054e-001 -1.8248937e-001
  5.3343644e-001 -1.3911767e-001
 -1.1311596e-001 -5.2855964e-001
  3.6911569e-001 -4.4443851e-001
  8.9978167e-001 -7.7124701e-001
  8.2938856e-001  6.8007465e-001
 -4.6551069e-001  9.0254074e-001
  4.1665625e-001  7.5141731e-001
 -6.1208830e-001  8.3696050e-001
 -9.1869822e-001  2.4736398e-001
 -6.1544816e-001  7.3043170e-001
 -5.2438980e-002 -6.3188501e-001
  1.6976100e-001  2.5689630e-001
  7.1052261e-001  9.2198504e-001
 -8.9549738e-001  1.2131081e-001
  7.9412288e-001  5.4370048e-001
 -1.9186409e-001  9.1090301e-002
 -4.6151398e-001 -9.5021635e-001
 -3.7600536e-001  1.2077675e-001
 -7.0993245e-001 -9.1564000e-001
 -3.0820562e-001  5.3494369e-001
  3.0711028e-001 -9.1306462e-001
 -1.2197744e-002 -7.8995679e-001
  1.7942247e-001  6.8258789e-001
  4.0936729e-001  8.7250951e-001
 -4.0218026e-001 -4.0426068e-001
 -7.4741163e-001  8.4348346e-002
 -1.0500878e-001 -7.3679144e-001
 -3.3566441e-002 -1.0013864e-001
  5.6474765e-002  4.4693093e-001
  4.8329423e-001 -2.9050374e-001
 -3.7224347e-001  2.1111559e-001
  5.3478308e-001  6.3861294e-001
 -5.6574987e-001 -7.8686443e-001
  6.9535226e-001  6.9253569e-001
 -7.1986092e-002  1.3742384e-001
  5.7818960e-001  3.5156054e-001
 -6.2233867e-001  1.6774558e-001
  1.3066897e-001  8.8941240e-001
  7.6736303e-001  1.8795788e-001
  2.1299264e-001  5.6144393e-001
  6.0981024e-001 -3.9386001e-002
  1.0562285e-001  1.2043781e-001
 -8.8297879e-001 -3.0568578e-001
 -6.2296363e-001  5.3326498e-001
  2.6494658e-001 -1.2040283e-001
  9.8524815e-001 -1.4021824e-001
 -7.5203762e-001 -9.2832604e-001
 -7.9377377e-001  7.4586838e-001
  2.4696122e-001 -4.1619580e-001
 -3.7443754e-001  1.3321669e-001
 -3.9196338e-001 -9.8720337e-001
 -6.9674974e-001 -4.0152530e-001
  5.6721126e-001 -2.3268919e-001
 -2.1494123e-001  8.8693053e-002
  6.2486827e-001 -9.8349963e-001
 -6.6067000e-001 -9.8752731e-001
 -5.4239776e-001 -8.5174310e-001
 -7.8101663e-001  5.4930369e-001
 -2.8216474e-001 -5.0743954e-001
  9.3093805e-001  3.3986379e-001
 -8.7887526e-001  6.8130387e-001
 -9.0969583e-001 -6.9453679e-001
  3.4954336e-001 -5.2290456e-001
  1.9466878e-004  3.0126462e-001
  4.8652170e-001  8.3537151e-001
 -3.5545214e-001 -7.9852821e-001
 -8.3454806e-001 -2.9954183e-001
 -4.7006277e-002  2.4412588e-001
  5.9430286e-001 -4.9617807e-001
 -9.3286810e-001 -4.3370491e-001
 -2.5067199e-001 -4.9168796e-001
 -9.3704859e-001 -3.0038980e-001
 -1.5381826e-001 -5.9016643e-003
  5.7895269e-001 -7.8577808e-001
  3.5134327e-001 -2.1785227e-001
 -8.1284475e-001 -6.0834011e-002
 -7.7300326e-002  1.6836570e-001
 -8.8642358e-001 -8.0024984e-001
  7.2058236e-001  1.0476741e-001
  9.5698374e-001 -4.0715809e-001
 -3.9661831e-001  6.5095804e-001
 -2.5120998e-001 -1.9475846e-001
 -7.4261208e-001 -3.0064047e-001
  3.9777646e-001 -5.1623951e-001
 -9.4634906e-002  5.9140484e-001
 -1.9766840e-001  3.5778177e-002
  6.0856869e-001  4.0777151e-001
 -9.2900571e-001 -1.2171892e-001
 -7.1277504e-001 -3.1566022e-001
 -2.4441668e-002  5.9231060e-001
 -9.1360267e-001  9.0184546e-001
  6.2382454e-001  4.8301804e-001
  6.9583203e-001  4.0630081e-001
 -3.8907748e-001 -9.8403294e-001
  2.8190407e-001  7.1483573e-001
 -2.3644918e-002  6.3753356e-001
 -7.0979542e-002  2.7490233e-001
 -6.7481309e-001  9.3076990e-001
  5.4224898e-001 -1.0801568e-001
  5.6917194e-001  5.9856495e-001
 -6.6892171e-001 -3.2779547e-001
  3.0132716e-001  9.3259651e-001
  6.2773646e-001  5.6661580e-001
  8.5574824e-001 -5.3626374e-001
  6.9932297e-001  2.2829287e-001
 -2.5267938e-001 -6.5407913e-001
 -7.0740872e-001 -1.1115622e-001
 -9.2038340e-001 -8.9789740e-001
  7.3239912e-001 -2.7334925e-001
 -8.9301593e-001 -6.2992560e-001
  2.3945947e-001 -6.6282569e-001
 -7.0926236e-001 -8.1915099e-001
  6.9872977e-001 -3.0654905e-002
 -7.4454372e-001  9.2913486e-001
  5.0788382e-001 -6.4665359e-001
 -3.3622871e-001  2.1806116e-002
  8.3925100e-001  4.7285623e-001
 -2.3588353e-001 -7.0921974e-001
 -2.1524922e-001 -2.9545689e-001
 -8.5236474e-001 -4.5349879e-002
 -2.1433429e-001 -4.2625736e-001
 -5.4522572e-001 -4.6839349e-001
 -4.5172515e-002 -6.2351267e-002
  9.2624777e-001  1.3603413e-001
  1.8103968e-001  1.0035025e-001
  6.1882848e-002 -7.2110583e-002
 -4.9713374e-001 -5.4425971e-001
 -1.2204510e-001 -1.5151831e-001
  9.8891122e-001 -6.2462243e-001
 -1.7270440e-001  1.0431971e-001
  2.6850742e-001 -6.1554969e-001
 -5.5729648e-001  3.1193313e-001
  9.7141350e-001 -7.0949484e-001
  6.3943080e-001 -5.3200750e-001
 -1.6201078e-001 -2.2002240e-001
 -9.3808275e-001 -6.7162626e-001
  7.7079946e-001  7.4269469e-001
  4.4998528e-001 -3.2882888e-001
 -5.8873454e-001 -8.8511501e-001
  5.4835161e-001 -9.1655863e-001
  3.1918106e-001 -2.5784420e-001
  5.7276094e-001 -1.2579518e-001
 -7.0327847e-001 -2.6430014e-001
  3.6908138e-001 -8.6562578e-001
  4.4489684e-001  8.9026870e-001
  2.5665876e-001  2.2547529e-001
 -4.1624538e-001  5.0192859e-001
  2.2125011e-001  5.3810445e-001
 -1.5515594e-001 -2.9240339e-001
 -5.1826825e-001  4.3096445e-001
 -4.4231394e-001  6.5359076e-001
  8.8408233e-001 -5.1188578e-001
 -8.5229403e-001  1.8526896e-001
 -7.2556357e-001 -2.2169436e-001
  4.7782425e-001 -9.9668551e-001
  4.5621551e-001  6.1459721e-001
 -8.5049477e-001 -2.7150547e-001
 -9.1364259e-001  1.2417506e-001
 -5.4789746e-001 -5.0620135e-001
  4.7837500e-001  4.7200110e-001
 -3.9411625e-001 -8.6658199e-001
  3.9338129e-001  7.4809639e-001
 -5.7390700e-002 -3.7318009e-001
 -1.7457501e-001 -3.5877383e-001
 -1.7454134e-001  3.1221432e-001
  3.3939514e-001 -2.1559928e-001
 -9.2082100e-003  2.5531862e-001
 -1.2290046e-001  2.1113623e-001
  5.2081035e-001  4.8447075e-001
  3.2699404e-001 -8.4000120e-001
  3.4320024e-001 -5.0026080e-001
 -8.0230878e-001  7.6097180e-001
  4.8327603e-001 -2.7203136e-001
 -2.9232832e-001  7.0312774e-002
  6.1735433e-001 -3.5759445e-001
 -7.9145462e-001 -7.8394041e-001
 -8.3229577e-001  5.0495304e-002
  6.4505525e-001  7.6389810e-001
 -2.3422946e-001  8.7938978e-001
 -7.0529158e-001  6.6749319e-001
 -2.1596199e-001  9.6861604e-001
 -9.4717623e-001 -8.2908989e-001
  5.2419745e-001 -4.9765889e-001
 -9.6440066e-001 -4.6849181e-001
  1.9036563e-001  1.2112490e-001
 -7.2749748e-001 -8.9149801e-002
 -9.0822713e-001  7.4397692e-001
  6.4476301e-001 -9.7430793e-001
 -3.1130295e-001 -6.2997223e-001
 -3.4530437e-001 -4.1351606e-001
  4.2304542e-001 -9.4331247e-002
  2.9461554e-001 -9.4394938e-001
 -1.3870212e-001 -7.2087281e-001
  2.4850157e-001 -8.2287460e-001
 -2.4816088e-002  9.0777080e-001
 -1.0073345e-001  2.3634769e-002
  5.4429509e-001  7.1066915e-001
  1.6914973e-001 -5.9035757e-001
  2.9080581e-001  4.4736685e-001
 -9.7563455e-001  8.3545332e-001
  1.3481074e-001  8.1664125e-001
  1.6350692e-001  6.1033275e-001
  9.0229339e-001 -4.2495443e-001
  3.9086905e-001 -2.4193166e-001
  3.0761077e-001 -4.0929629e-001
 -7.3083849e-001 -2.9967642e-001
 -9.1817441e-001 -5.0262288e-001
 -9.3032317e-001 -8.9110980e-001
  5.3040661e-001  7.5399790e-001
 -8.7334627e-001  5.0748490e-001
  6.4296969e-001  6.4527994e-001
 -2.4989728e-001  6.2918013e-001
  4.1217264e-001 -7.0925127e-001
  7.8005470e-001 -7.0606125e-001
 -7.4078140e-001 -1.2701513e-001
 -2.7294384e-002 -7.1290370e-001
 -2.5124427e-001 -8.7269655e-001
 -2.9010596e-001  5.6763736e-001
 -5.8260883e-001 -8.5586178e-001
  8.2235505e-001  7.5768676e-001
 -8.0800490e-001 -9.7869906e-002
  8.6600030e-001 -6.0289186e-001
 -4.8193216e-002  6.8687850e-001
  1.2353652e-001 -1.3706300e-001
  8.8389132e-001  1.3724663e-001
  5.5105859e-001 -5.7614917e-001
 -6.5348025e-001  8.8223355e-001
  9.1536500e-002  7.1930046e-001
  6.2703617e-001 -5.3185210e-001
 -3.0067324e-001 -5.9470674e-002
 -8.4427260e-002  8.0708390e-001
  3.4389809e-001 -2.4376674e-001
  2.9939031e-001 -6.0684926e-001
  9.6077441e-001 -7.7651996e-001
 -2.6894516e-001  3.1447714e-001
  1.2888661e-001  4.1983912e-001
  4.1498938e-001  1.4366988e-001
  1.6268968e-001  1.7484584e-001
  9.3463561e-001  2.5402152e-001
  9.7781567e-001 -1.8330634e-001
 -5.3210095e-001 -9.7036017e-001
 -4.7060006e-001 -8.7097264e-001
  9.1989973e-001  1.4944820e-001
 -2.3487973e-001 -6.2329550e-001
  6.2415986e-001 -3.8207700e-001
  3.4904806e-001  8.9892884e-001
  2.1970136e-001 -7.9599265e-001
  4.4665335e-001 -3.7694605e-001
 -9.0865346e-001  3.4886224e-001
 -6.3409436e-001  9.0760685e-001
 -5.3267431e-001 -4.3233264e-001
  6.9345331e-001  7.7254476e-002
  7.5382016e-001  4.7524370e-001
 -5.6305527e-001 -3.8152200e-001
 -1.6042769e-001  6.6597032e-001
