 -1.0245397e+000  6.5499669e-001
 -1.2816024e+000 -3.4708416e-002
 -6.3495649e-003 -1.2700725e+000
  1.3031785e-001  1.1352053e+000
 -1.1927531e+000  7.2062519e-001
 -1.3383526e+000 -2.4823663e-001
 -1.2131402e+000  2.9696712e-001
 -1.1821507e+000  6.1848401e-001
  6.2136436e-001  1.0841215e+000
 -3.0511994e-001 -1.1097404e+000
  3.6739966e-001 -1.2774929e+000
  1.0243614e-001 -1.1781661e+000
  3.5493690e-001 -1.2360224e+000
  1.2472510e+000 -5.9129642e-001
 -5.2447041e-001 -1.1832236e+000
  1.1599404e+000  2.9887182e-001
 -1.1741875e+000  4.0695789e-001
  1.6252578e-001  1.0907753e+000
  8.8886625e-002 -1.0993144e+000
  1.6332799e-001  1.3775580e+000
 -1.0928593e+000 -4.0229525e-001
  1.1930922e+000  1.9107913e-001
  6.3307917e-002  1.4083951e+000
 -1.3516241e+000 -8.0261306e-002
  1.2431026e-001 -1.3630597e+000
  3.5922454e-001  1.1472771e+000
 -1.0226501e+000 -7.2415482e-001
 -1.1413155e+000  3.3032778e-001
 -6.5407969e-001  1.0129157e+000
  1.1907377e+000  3.7381677e-001
  6.7397742e-001 -1.1583909e+000
  1.1906894e+000 -2.8449702e-001
 -1.0580674e+000 -4.6935348e-001
  2.7438849e-001  1.0889955e+000
  1.2061879e+000  1.4110881e-001
  7.6369863e-001  1.0030272e+000
  1.1737057e+000  6.9595073e-001
 -1.7759017e-001  1.0318499e+000
 -1.0757193e+000  5.6247324e-001
 -2.1645743e-002  1.3848218e+000
  1.0338925e-001  1.0396323e+000
  6.8656713e-003 -1.0621995e+000
 -6.0861939e-001 -1.2186071e+000
 -1.1726615e+000 -2.8854108e-001
 -1.1876307e+000 -1.8837252e-001
 -3.9344815e-001 -1.3052487e+000
  1.0775894e+000 -3.2186708e-001
 -1.0085580e+000  2.4456533e-001
  1.3949760e+000 -2.3127923e-001
 -1.0850752e+000 -3.3472991e-001
  6.8891089e-002  1.3716378e+000
  1.1690227e+000  1.3285455e-001
  1.2485053e-001  1.0424203e+000
 -1.3225846e+000 -4.7392908e-001
  3.6575182e-001 -1.0792213e+000
 -1.1535461e+000  8.1725189e-001
  1.1025947e+000  3.5679779e-001
 -1.2398873e+000  2.7650657e-001
  3.9613126e-001  1.2437265e+000
 -3.6135706e-001  1.3618984e+000
 -2.2450047e-001  1.1424258e+000
  5.2605024e-001  1.1525573e+000
 -1.3373097e+000 -4.3942407e-002
  5.4633004e-001  1.2299949e+000
  9.4902640e-001  1.0180050e+000
  1.3754161e+000 -2.1986782e-001
 -1.2383356e+000  3.7643181e-002
 -4.2622389e-001 -1.0845274e+000
 -1.2132192e+000 -4.0664359e-001
  3.4755106e-001 -1.2865594e+000
  1.1030308e+000 -7.8591936e-001
 -4.3756416e-003 -1.0821408e+000
 -2.2471253e-001  1.0600948e+000
  3.7093832e-001  1.1490347e+000
  4.3046714e-001 -1.1043271e+000
  1.2253055e+000  2.8307321e-001
 -1.2845861e+000  1.6875528e-001
 -1.2861373e+000  1.0750777e-001
  1.1510879e+000  2.5856276e-001
 -5.5455438e-001 -1.2809577e+000
  1.0403441e-001  1.3211702e+000
 -1.0953905e+000 -4.5464410e-002
  1.1406236e+000 -5.1751422e-001
 -2.6750643e-001 -1.3504340e+000
 -1.3170380e+000  3.9426566e-001
  1.2590719e+000 -3.7949468e-001
  1.0219422e+000  4.1439046e-001
 -1.1611913e+000 -2.0630121e-002
  1.3413171e+000 -1.4929780e-001
  1.1455037e-001 -1.0326938e+000
 -4.1035039e-001  1.1018963e+000
  1.0399716e+000 -6.6255180e-001
 -1.3200768e+000  3.5919416e-002
 -1.2121457e+000  2.5832565e-002
  6.7414265e-002  1.0388546e+000
  8.3460392e-001  1.0626410e+000
  1.1968069e+000 -3.1840845e-001
 -1.1263082e+000  3.7023021e-001
 -1.1117918e+000 -4.3061246e-001
 -1.2027038e+000 -2.6680376e-002
 -1.1726736e+000 -6.0704224e-001
 -1.1093765e+000 -6.7614698e-001
 -4.5178813e-001  1.0473930e+000
  1.2802494e+000 -3.6153561e-001
 -1.1431921e+000  3.1681326e-002
 -1.0101368e+000  7.5906433e-001
  1.3122302e+000 -2.4274182e-001
  1.3642288e+000 -2.0257470e-001
  7.2341536e-002  1.3989641e+000
 -1.0577190e+000 -4.4253385e-001
 -1.3469558e+000 -1.1090183e-001
  8.8852422e-001  1.0652865e+000
  1.3255609e+000 -1.7389866e-001
  1.0174271e+000  3.9558752e-001
 -1.1698740e+000 -3.0977389e-001
 -1.0522216e+000 -8.7021277e-001
  1.0572864e+000  9.1940993e-001
  4.5746384e-001  1.0733603e+000
 -1.0171822e+000 -4.6611340e-001
 -3.5767280e-001 -1.1311148e+000
  6.9675530e-001 -1.1046741e+000
 -1.1665179e-001  1.3021537e+000
  1.2053446e+000  4.6348480e-002
  1.0044239e+000 -2.8247592e-001
 -5.3418519e-002 -1.0386650e+000
 -1.1088689e+000  7.7194397e-001
  1.1429451e+000  7.2164943e-001
  6.9602885e-001 -1.0436723e+000
  1.1181733e+000  3.0732488e-001
 -1.1968650e+000 -8.1823078e-002
 -1.9740435e-001  1.3145747e+000
  4.5317110e-001  1.2570683e+000
 -9.6136055e-001  1.0039569e+000
 -1.3019156e+000 -1.7159119e-001
  5.6465391e-001 -1.2338319e+000
  1.0603043e+000  1.3372021e-001
 -6.1349215e-001  1.1344835e+000
  1.1792351e+000  6.7776705e-001
  1.3570945e+000 -2.6230841e-001
  4.5327607e-001 -1.0702363e+000
  3.1402824e-001  1.2785469e+000
  1.3704993e-001 -1.2286140e+000
  1.1205197e-001 -1.0573114e+000
 -4.0711545e-001  1.1197533e+000
 -1.1593680e+000 -1.4839319e-001
 -9.4710658e-002  1.3347549e+000
 -1.2842834e+000 -5.3085824e-001
 -1.2257163e+000 -1.3780763e-001
 -1.2530006e+000  4.9092159e-001
 -2.9484050e-001 -1.1103319e+000
  1.6779192e-002  1.1018016e+000
  6.8062803e-002 -1.2910597e+000
  1.0270242e+000 -5.2988909e-001
 -1.2150788e+000  4.5666315e-001
 -1.6612629e-001  1.1955934e+000
 -1.1652829e+000 -5.4000028e-002
  9.1364801e-001  1.0105250e+000
  3.8216277e-001 -1.0512986e+000
  1.4092797e+000 -1.9430717e-002
  1.2904451e+000  2.8983379e-001
 -1.3505400e+000  1.7848535e-001
  3.7079319e-001 -1.0110577e+000
 -1.8254519e-001  1.1143888e+000
  1.1313149e+000  5.0475188e-001
  4.5043890e-001  1.2685449e+000
  6.2106383e-002  1.3569095e+000
  1.3208324e+000 -1.7424401e-001
 -1.2782727e+000  3.0890257e-001
 -1.2440804e+000  1.1377045e-002
 -7.7362301e-001  1.1474326e+000
 -3.8994449e-001 -1.2241417e+000
 -1.3536397e+000 -4.4326815e-002
  5.6159510e-001 -1.1479261e+000
  1.1161254e+000 -6.5385932e-001
 -4.9509724e-002  1.2857973e+000
 -1.1096688e+000  1.5164905e-001
 -1.1686801e+000  1.7520664e-001
 -1.1472766e+000  4.8586346e-001
 -1.0001121e+000  4.4127255e-001
 -5.4213280e-001  1.2237356e+000
 -2.0066783e-001  1.2706041e+000
 -1.0186495e+000  8.4706679e-001
 -7.0493089e-002 -1.4109859e+000
 -1.1711256e+000 -5.9894305e-001
 -1.2613443e-002  1.1210354e+000
 -1.8910192e-001  1.3447603e+000
  1.3577071e+000 -3.3685553e-001
  5.8489665e-001 -1.1665301e+000
 -1.1504023e+000  2.3848519e-001
  7.2264076e-002  1.2504521e+000
 -1.1812777e+000  3.1520552e-001
 -3.4601407e-001 -1.3337423e+000
 -5.7251911e-001 -1.1491580e+000
  5.3949677e-001 -1.1614784e+000
 -1.5276016e-001 -1.2437716e+000
  1.0566534e+000 -8.1730985e-001
  1.0041329e+000  7.0934097e-001
  3.2056169e-001  1.0326755e+000
  1.0237085e+000  6.2593138e-001
 -6.0130973e-002 -1.0312763e+000
  3.0334497e-001  1.1003558e+000
 -3.6552043e-001  1.0987259e+000
  1.2102938e+000 -6.5494926e-002
  1.1363323e+000 -2.5610260e-002
  1.2725022e+000  2.7719367e-001
  3.8149851e-001 -1.1888757e+000
 -1.0606333e+000 -1.7471141e-001
 -1.1026479e+000 -6.0520617e-001
 -1.0340775e+000  3.0584687e-001
  1.1419231e+000 -2.2009149e-001
  1.3546016e+000  1.8214512e-001
 -2.6043645e-001 -1.2318489e+000
 -1.1164304e+000  3.0541033e-001
  1.0206474e-001 -1.1022005e+000
  3.7740860e-001  1.2395151e+000
 -1.1383277e+000 -2.6405077e-001
  4.0172498e-001  1.0290495e+000
 -1.9133892e-001 -1.1689071e+000
 -6.0947652e-001  1.2146194e+000
  1.2901601e+000 -4.7058488e-001
 -1.0487360e+000 -9.1062237e-001
 -1.2930503e+000  5.4712915e-001
 -1.2016089e+000 -6.3432034e-001
 -1.2553824e+000  4.2319622e-001
 -1.7095650e-001  1.3488439e+000
 -6.2094419e-002 -1.0480272e+000
  6.8902312e-001 -1.2259899e+000
 -5.7557088e-001  1.1042160e+000
 -8.0933589e-002 -1.3545861e+000
 -1.1322013e+000 -8.0473315e-001
 -1.0805052e+000  5.5059320e-002
 -1.5973616e-001 -1.2327233e+000
  1.2353720e+000 -1.2357583e-001
 -5.4409390e-001 -1.1855447e+000
  1.1706078e+000 -5.1674167e-001
  1.0026194e+000 -7.1085162e-001
 -1.0015298e+000 -1.7230953e-001
  5.1675487e-001 -1.2315871e+000
  3.3260932e-001  1.1834463e+000
  3.3267136e-001  1.1499758e+000
 -5.7290695e-001  1.2499273e+000
  3.1967562e-002 -1.2119752e+000
  6.7422453e-002 -1.1201135e+000
  7.0702928e-001  1.2176210e+000
 -1.1168617e+000  1.7567676e-001
  9.5688866e-001  1.0330250e+000
 -1.0743201e+000 -5.7694944e-002
 -8.2082648e-002 -1.0985430e+000
 -1.3489520e+000 -2.9309257e-001
 -1.2646122e+000 -1.5001757e-001
  1.1503931e+000  3.3495954e-001
 -4.9570939e-001 -1.3142590e+000
 -1.1730651e+000 -7.0110690e-001
 -1.4308554e-001  1.1576240e+000
 -3.3365019e-001  1.3102116e+000
 -4.2342511e-001  1.2728378e+000
  1.0102904e-001 -1.2225157e+000
  5.6652928e-002  1.3303752e+000
  1.1775770e+000 -8.7317452e-002
 -1.2005210e+000 -2.1233312e-001
 -3.6116882e-001 -1.1240774e+000
  3.8656225e-001 -1.0345865e+000
  1.2447632e+000 -6.3767251e-001
  1.1229359e+000 -7.1906481e-001
  3.2583538e-002  1.1270926e+000
  7.6771481e-001 -1.1303454e+000
  5.6176807e-001 -1.0383413e+000
 -1.0448902e+000  6.1139085e-001
  1.0717420e+000 -7.7265489e-001
 -3.5197124e-001  1.3109021e+000
 -1.2526895e+000 -4.4990864e-001
 -1.0440632e+000 -8.4365343e-001
  5.6232670e-001 -1.2068636e+000
 -1.6451132e-002  1.1307113e+000
  3.5777841e-001  1.1163811e+000
  1.0305591e+000 -6.3161407e-001
 -2.8554593e-001 -1.0362197e+000
 -1.2629587e+000 -4.8928803e-001
 -1.2795075e+000  2.9697573e-001
 -1.2774858e+000  4.4872659e-001
  1.2172887e+000 -4.6236224e-001
  9.9294945e-002  1.3188977e+000
 -3.2327288e-001  1.0561885e+000
  1.4049161e+000  1.4644544e-002
  3.2092245e-001  1.1533609e+000
  2.2440055e-001  1.1409501e+000
  5.4066574e-001 -1.2216126e+000
  1.0856235e+000  1.2846479e-001
 -1.1422640e+000  3.6148027e-001
 -5.5316689e-001 -1.1409694e+000
  6.3871204e-002  1.0604459e+000
 -3.5632552e-001 -1.1655533e+000
 -1.8730379e-001  1.2655399e+000
  1.8137723e-001 -1.3778584e+000
 -1.3038559e-001 -1.3794378e+000
 -1.0742299e+000 -3.5281024e-001
  1.0909893e+000  2.8801275e-001
  1.1325332e+000  3.8021771e-001
 -7.1644113e-002  1.1526435e+000
  1.3731809e+000  5.1791773e-002
 -8.1476915e-001 -1.1143329e+000
 -2.8524154e-001 -1.3796383e+000
 -1.0432551e+000 -6.7504578e-001
 -1.0941221e+000 -6.2610544e-001
 -9.0972168e-002  1.0261370e+000
 -1.3635676e+000  3.0897517e-001
  2.7824984e-001  1.3334168e+000
 -1.2878857e+000 -1.7093672e-001
  7.0333378e-001 -1.1544212e+000
  7.1111004e-001  1.0487243e+000
  1.6823071e-001 -1.1065008e+000
 -7.6365074e-002  1.2357592e+000
 -3.7620503e-001 -1.0491960e+000
  3.6937303e-002 -1.2609941e+000
 -3.6029048e-001 -1.0199235e+000
  1.0992792e+000  3.7818053e-001
  5.1400492e-001  1.2231782e+000
 -4.1044414e-001 -1.0747760e+000
  1.0981587e+000 -1.7919926e-001
  1.0968648e+000  1.8744587e-001
  1.1311523e+000 -4.0298162e-001
 -9.3437281e-002  1.2942696e+000
  1.5763544e-001 -1.2680432e+000
 -1.0718277e+000 -1.4824072e-001
  5.3098255e-001 -1.1128509e+000
  1.1550229e+000 -6.7700582e-002
 -6.0523180e-001 -1.0156466e+000
  1.1775062e+000  6.6043323e-001
 -4.4225783e-001 -1.1560996e+000
 -6.3348247e-001  1.1167770e+000
  4.9456956e-001  1.2051311e+000
 -1.2848830e+000  4.9519893e-001
 -1.2404719e+000 -3.1417298e-001
  7.3609233e-002 -1.3783350e+000
  6.2164787e-002  1.2547667e+000
 -1.2332579e+000  4.9790860e-001
 -5.2616081e-001 -1.1688628e+000
 -1.0238286e+000  7.0664132e-001
  6.9382889e-001 -1.1552619e+000
 -1.2307022e+000 -2.8295566e-001
 -1.0668184e+000 -7.0867105e-001
 -1.4109797e+000 -3.8660000e-002
  1.0553478e+000 -1.5057677e-002
  3.1905759e-001  1.2626386e+000
  6.9076777e-001 -1.1830866e+000
  1.3259729e+000  1.8805796e-001
  1.2259142e+000 -6.2472789e-001
 -1.2961122e+000 -3.4395087e-001
 -1.3905800e+000  3.4878922e-002
  1.1726497e+000 -3.6651016e-001
  1.4921696e-001 -1.2083582e+000
 -1.0211771e+000  7.0837087e-001
  8.9927921e-001 -1.0355092e+000
  3.9192589e-001  1.2138032e+000
 -1.1290850e+000  2.4611490e-001
  5.5081571e-001  1.1956688e+000
 -1.0105182e+000 -9.3154739e-001
  1.2948212e+000 -4.5260687e-002
 -7.5794777e-001 -1.1709182e+000
  1.1681250e+000  1.9895613e-001
 -1.1104320e+000 -6.5438139e-001
  1.0246462e+000  8.1712506e-001
  1.7189903e-002  1.2150069e+000
  5.2929330e-001  1.1312640e+000
  1.3328938e+000  2.5080306e-001
  2.3982923e-001 -1.2256731e+000
 -5.2134732e-001 -1.2670219e+000
  1.1118518e+000  2.1237098e-001
  1.2531174e+000 -2.1443583e-001
 -1.1130379e+000  2.5202010e-001
  1.0755507e+000  8.2710270e-001
  2.6249038e-001  1.2460786e+000
 -7.1820481e-001  1.0419822e+000
  4.6797036e-001 -1.1537195e+000
  1.1783520e+000 -7.5819360e-001
  1.2908877e+000  1.6562201e-001
 -3.2653184e-001 -1.0640402e+000
  1.0460884e+000  8.0570436e-001
 -2.2072013e-002  1.0129409e+000
 -1.2448650e+000  5.9739271e-001
 -1.0840831e+000  8.5585365e-001
  1.0882568e+000  3.3402477e-001
 -1.0652763e+000  5.0363663e-001
  1.2519284e+000 -7.5256705e-002
  1.0075449e+000  9.0437493e-001
  2.7512096e-001 -1.2611409e+000
  1.2015308e+000 -4.1146581e-001
 -1.1612742e+000 -3.7462174e-001
 -4.4533575e-002  1.1912807e+000
 -4.1634656e-001 -1.2137355e+000
  1.2013726e+000 -5.6214094e-001
 -1.0765697e+000 -6.7395856e-001
 -1.0907474e+000 -5.2237047e-001
  2.4112301e-001 -1.3295297e+000
 -1.0707300e+000  7.3777518e-001
 -6.4332808e-001 -1.0602584e+000
 -1.0445543e+000  2.1588359e-001
 -1.9504047e-001 -1.0812114e+000
 -1.3506748e+000  9.6906888e-002
  1.1312295e+000 -7.8719319e-001
  1.1751962e+000  5.5348937e-002
  1.1412482e+000  1.0682432e-001
  1.1638460e+000 -6.7613314e-001
  1.1887833e+000  2.0592532e-002
  1.0969975e+000 -8.0458597e-001
  1.0608251e+000  6.5386776e-001
  1.0627887e+000  4.3273059e-001
  1.3104704e+000  4.6336218e-001
 -1.0588251e+000  8.4288770e-001
  1.2089732e+000 -1.9385238e-001
  1.1428372e+000 -3.7682086e-001
 -9.0822753e-002  1.0085628e+000
  8.0507624e-002 -1.0135146e+000
 -1.3175383e+000  2.9228483e-001
 -2.0973099e-001  1.2977746e+000
  3.5226658e-001 -1.3035616e+000
 -1.3015923e+000  2.3154081e-001
 -2.7106853e-001  1.0780219e+000
  4.3867976e-001 -1.0553578e+000
  7.1286312e-001 -1.1629702e+000
  1.2060468e+000 -9.7689782e-003
 -1.7755834e-001  1.2270640e+000
  5.5521521e-003  1.3470507e+000
 -6.1723373e-001  1.2314980e+000
  2.8514584e-001 -1.3819206e+000
  1.0304321e+000  4.2479437e-001
  1.0905528e+000 -6.4058345e-001
 -2.7889197e-001  1.1478368e+000
 -6.7485080e-001  1.1921115e+000
  2.6498201e-001  1.1974749e+000
 -1.2174781e+000  3.5129584e-001
  1.1857385e+000  2.0016675e-001
  1.0596525e+000 -1.3728897e-002
 -1.1974027e+000 -2.3679321e-001
 -1.3084815e+000 -1.3678205e-001
 -1.2859572e+000 -5.2945065e-001
 -1.0423758e+000  9.0707038e-001
 -5.9013588e-001  1.2751009e+000
  6.1888755e-001  1.2063232e+000
 -1.2387235e+000  3.4046586e-001
  5.0824039e-001  1.0896994e+000
 -4.3857203e-001  1.2491300e+000
 -1.0537402e+000 -3.6389996e-001
  1.1502274e+000  6.4744310e-001
 -1.3195141e-001 -1.2873697e+000
 -1.1563752e+000 -3.4286706e-001
 -7.3574178e-001 -1.1310665e+000
 -1.2315522e+000 -5.5818684e-001
  6.2368858e-001  1.0240008e+000
  1.0115856e+000 -6.9653208e-001
  1.0317324e+000 -5.2589391e-001
  1.9409299e-001  1.0510709e+000
  7.3693731e-001  1.1006893e+000
 -1.1184941e+000  2.7782037e-001
 -1.2032215e+000 -6.0404775e-001
  1.0793352e+000 -8.0191707e-001
  2.8919776e-001  1.3101607e+000
  6.6337749e-001 -1.2315873e+000
 -5.1578570e-001 -1.1504003e+000
  1.0666350e+000  4.0646942e-001
  1.2220124e+000  5.2459522e-002
  1.3583245e+000  2.9811761e-001
 -1.2417229e+000  4.5787367e-003
  1.0201119e+000 -3.0495743e-001
  1.0259125e+000  4.0582478e-001
 -1.7083806e-001 -1.1508558e+000
  1.1485810e+000 -4.3189510e-001
  4.9548057e-001 -1.3123933e+000
 -4.1255429e-001 -1.0774098e+000
  1.3556778e+000 -1.6362244e-001
  7.9205594e-001 -1.0424027e+000
 -7.6078477e-001  1.1464404e+000
  4.8286357e-001 -1.2679364e+000
  1.2618652e+000 -3.2910417e-001
 -2.1016370e-001  1.0625572e+000
  4.1384975e-001  1.0523819e+000
  1.1254105e+000 -2.5166641e-002
 -1.2353885e+000  3.4112379e-001
 -6.2488613e-001  1.1674378e+000
  1.3000812e+000 -3.3185132e-001
 -5.5829548e-001 -1.0446415e+000
  1.1527769e+000 -3.6696297e-001
  1.1862648e+000 -4.3587843e-001
 -1.3168957e+000  3.2343315e-001
 -3.8226246e-001  1.1258759e+000
 -1.0407914e+000  8.2180884e-001
  1.1296243e+000 -2.3054487e-001
  1.1921044e+000 -1.6920304e-001
  1.2043046e+000  4.3634043e-001
 -1.3552468e-001  1.1483104e+000
 -1.2616047e+000  3.6305556e-002
 -1.2537283e-001  1.1205121e+000
 -1.0672797e+000  7.3107929e-001
 -1.0294791e+000  3.8743545e-001
 -1.2100712e+000 -3.0449516e-001
 -4.9160757e-001  1.3153270e+000
  8.7720544e-001 -1.0594524e+000
  1.2414103e-001  1.1649958e+000
 -5.7225299e-001  1.2625325e+000
 -7.3601337e-001  1.0011744e+000
 -1.1049508e+000 -4.2905952e-001
  1.1497856e+000  2.3800742e-001
 -1.0975178e+000 -7.3074152e-001
 -1.3544511e+000  6.0220806e-002
  7.2091996e-001  1.0113121e+000
  2.3613037e-001 -1.2453533e+000
  5.0478877e-001  1.1538129e+000
  6.5509181e-001 -1.0716355e+000
  1.9065856e-001 -1.0729641e+000
  1.2509785e+000  5.1274014e-001
 -1.0079631e+000 -3.2517612e-001
  3.8255588e-001  1.1641028e+000
 -1.0126513e+000  4.7933502e-001
  6.6626805e-001  1.0325249e+000
  1.1653212e+000  6.6927107e-001
 -1.2261800e+000  4.7129225e-001
  8.2101707e-001  1.1167306e+000
 -8.3265862e-001  1.1340236e+000
  9.2455236e-002 -1.2719110e+000
 -5.0805363e-001 -1.0374577e+000
 -1.0971783e-001  1.1473460e+000
 -3.2757320e-001  1.2257125e+000
  2.0176085e-001 -1.3147501e+000
  1.0586503e+000 -5.0464223e-001
  3.4802884e-001 -1.3068559e+000
  1.1071717e-002 -1.0832695e+000
 -4.1476589e-001 -1.3380276e+000
  1.1354479e+000 -2.6472652e-001
 -6.8697589e-001  1.0403270e+000
 -5.9578543e-001 -1.1766139e+000
  1.3296699e+000 -4.3281389e-001
 -1.0933185e+000 -2.7112363e-001
  1.3650752e+000 -3.5736599e-001
 -1.0705230e+000  6.2628414e-001
 -3.9163516e-002 -1.1602449e+000
 -4.5735918e-001 -1.0201791e+000
 -2.9752423e-001  1.0842745e+000
  1.0896827e+000 -4.9907163e-002
 -1.1428368e+000  7.2553913e-001
  1.3491901e+000  3.4068260e-001
  1.1879331e+000  4.7834570e-001
 -2.6808929e-001  1.2118544e+000
 -1.3024702e+000 -2.0443476e-003
 -6.4035252e-001 -1.1705167e+000
 -7.1138753e-001  1.1768984e+000
  1.0256974e+000 -3.4063293e-001
 -1.0573071e-001  1.2080227e+000
  4.8745896e-001 -1.0521012e+000
 -4.5837303e-002  1.1038765e+000
 -7.5455025e-002 -1.1520829e+000
  5.1570968e-001  1.1811716e+000
  1.0992895e+000  8.6481680e-001
 -1.1957997e+000  6.0379288e-001
  5.9032776e-004 -1.2220992e+000
  6.9019751e-002  1.0464462e+000
 -4.9980122e-001 -1.0622410e+000
 -2.1780698e-001  1.2511049e+000
  1.1852246e+000  6.9005848e-001
  1.0624805e+000  7.4428256e-001
 -1.1255653e+000  5.6647428e-001
 -1.7804542e-001  1.3012812e+000
 -1.1503568e+000  8.1292464e-001
 -3.6193272e-001 -1.0652620e+000
 -1.6063618e-001 -1.3349757e+000
  5.5558661e-001 -1.2842863e+000
 -1.2328215e+000 -2.0868190e-001
  3.5973394e-001 -1.0377598e+000
 -1.2459034e+000 -2.4486563e-001
 -1.2898588e+000  1.9551394e-001
  2.3894128e-001 -1.3151228e+000
 -4.2172238e-001 -1.2710788e+000
  4.2941897e-001  1.3015642e+000
  1.0274188e+000 -8.7251167e-001
 -4.1101142e-001  1.3327201e+000
 -1.0679146e+000  3.1712159e-001
 -1.0656353e+000 -5.3035180e-001
 -1.0334918e+000  2.3996891e-001
  1.1559632e+000 -4.2143336e-001
  1.4027871e+000  5.4633422e-002
 -1.0925135e+000 -2.1711030e-001
  8.2932361e-001 -1.1246357e+000
  3.4182591e-001 -1.0311274e+000
 -1.0905572e+000  4.0358769e-001
  1.1035655e+000  1.7907950e-001
 -1.0624420e+000  5.7412841e-001
 -1.0038002e+000  8.0737924e-001
 -2.3678645e-002 -1.0103151e+000
 -1.1462732e+000 -5.7351545e-001
 -4.3900807e-001  1.3096462e+000
 -4.8865592e-001  1.2255226e+000
 -6.0029255e-001  1.2496816e+000
  5.9203504e-001  1.1322571e+000
 -9.7960622e-002 -1.1654094e+000
 -1.1276471e+000 -2.4102282e-002
 -1.3152174e+000  2.5862077e-001
  1.0190558e+000 -8.1014691e-001
  1.1054634e+000 -8.7227087e-001
  1.0748875e+000 -4.7710192e-001
  3.1568479e-001 -1.1587681e+000
  1.1674530e+000  3.7883647e-001
 -5.7382084e-001  1.2514516e+000
  7.6538526e-001 -1.0874178e+000
  9.1021117e-002 -1.2154678e+000
 -5.6106309e-001  1.1951754e+000
 -3.8347225e-002  1.0825071e+000
  1.3428857e+000 -3.9147255e-001
  9.2008947e-001 -1.0121598e+000
 -1.0290387e+000  5.1007517e-001
 -3.7040375e-001  1.2664837e+000
  1.1914857e+000  9.5446867e-002
 -8.2511494e-001 -1.1200915e+000
 -1.0098412e+000 -5.0089314e-001
 -1.2622068e+000  4.6585316e-001
 -3.6801771e-003  1.1256485e+000
  5.2465426e-001  1.3066344e+000
 -5.0046678e-001 -1.2682010e+000
 -3.5789348e-001 -1.0896675e+000
 -1.2129065e+000 -4.2239942e-001
 -1.3227202e+000  7.8877110e-002
 -1.1726852e+000 -1.0601394e-001
  1.0909441e+000 -3.4232320e-001
  9.8063913e-002 -1.4050759e+000
  1.0877884e+000  2.8112690e-001
  1.0024849e+000  3.1086324e-002
  1.1890719e+000  1.2741023e-002
  6.4189124e-001 -1.1376486e+000
 -5.9168765e-001  1.2085312e+000
 -1.1656783e+000 -1.3221479e-001
 -1.1250606e+000  3.0605150e-001
 -1.0008040e+000  5.2993027e-001
  1.0670934e+000 -1.6506380e-001
 -4.1081792e-001  1.0649813e+000
  5.4419174e-001  1.0791333e+000
  1.0709274e+000 -6.8368133e-001
  1.0065991e+000 -3.3946973e-001
 -1.2030204e+000 -6.7867829e-001
 -7.5006625e-002  1.0208727e+000
 -1.8310983e-001  1.3942232e+000
  1.0418754e+000  4.1121287e-001
 -1.3659721e-001  1.2464692e+000
  1.3059089e-001  1.1371027e+000
 -2.6057453e-001  1.0689040e+000
 -1.2793156e+000 -2.1231631e-001
  1.3062015e+000  2.2060618e-001
  1.2401481e+000  6.8479815e-002
 -1.2786727e+000  4.5132870e-001
  4.7099574e-001  1.1079693e+000
  1.0906575e+000  3.1325900e-002
 -1.7560313e-002  1.2212628e+000
  1.1908607e+000  1.0910501e-001
 -2.0137950e-001  1.1360293e+000
  1.6107993e-001  1.3806074e+000
  1.0818245e+000  8.9355046e-001
  1.2333127e+000 -4.2969537e-001
  2.2934696e-001 -1.0692141e+000
 -1.4895223e-002 -1.3688553e+000
  1.3093800e+000  4.6951368e-001
 -1.0527885e+000  3.2702234e-001
 -1.0826983e+000 -2.4122009e-001
  5.1036525e-001 -1.0624418e+000
 -3.8403792e-001 -1.2604854e+000
 -1.0402668e+000  9.3485380e-001
 -1.3163779e+000 -2.6431066e-001
 -7.7900945e-001  1.1337460e+000
 -1.0544729e+000  3.0471542e-001
  1.0442981e+000 -6.3905355e-001
  7.0303562e-001  1.1771642e+000
 -1.3790510e+000 -1.4385208e-001
  3.1652345e-001  1.1891671e+000
 -1.3066089e-001 -1.0261894e+000
 -4.8863695e-002 -1.3448888e+000
  1.2486307e+000 -1.7298339e-001
  2.9262127e-001 -1.0241321e+000
 -1.3588839e+000 -1.8006009e-001
 -4.5767013e-001  1.2566906e+000
  1.1870789e+000  5.5774885e-001
  3.1989185e-001  1.0022703e+000
  1.2228994e+000 -5.9191173e-001
 -7.3351766e-001  1.0306916e+000
 -6.3670576e-001  1.0915146e+000
 -3.0050264e-001  1.3464715e+000
  1.1195862e-001  1.3290963e+000
 -4.3549991e-001 -1.0728512e+000
 -7.4974336e-001  1.1964695e+000
  1.0206852e+000  9.0226615e-001
  3.4942161e-001  1.1090742e+000
  3.3751177e-001 -1.0998376e+000
  1.3505891e+000 -2.9074624e-001
 -1.1976586e+000  7.1540479e-001
 -5.9922015e-001 -1.0116589e+000
 -6.1632203e-001 -1.1090092e+000
  1.1269745e+000 -7.3476366e-001
  1.5569290e-001  1.1273956e+000
 -1.3216450e+000 -1.0480079e-001
 -1.0808452e+000  5.8365710e-001
 -1.0342127e+000 -2.4632341e-001
 -1.0390741e+000  7.6284622e-001
 -1.2687803e+000 -5.1622443e-001
 -1.2650210e+000  3.7480718e-001
  1.2873419e+000 -5.3459438e-002
  1.3670891e+000  2.3027651e-001
  1.2212401e+000  6.3751091e-001
  4.4733644e-001 -1.0192192e+000
 -1.2263800e+000  2.4192616e-001
  2.5944994e-001  1.1853508e+000
 -2.7998603e-001  1.0750523e+000
  1.0517796e+000 -6.9513081e-001
 -1.1727355e+000 -7.0689308e-001
 -7.6538453e-001  1.0049658e+000
 -2.6459920e-001 -1.3762410e+000
  4.4082054e-001  1.2974046e+000
 -1.3281635e+000 -1.6688268e-001
 -1.2814186e+000  2.6928216e-002
  2.5791447e-001  1.1375392e+000
  1.2427067e+000  1.2911491e-001
 -4.2466387e-001  1.1620440e+000
  5.1192976e-001  1.0252063e+000
  3.5125537e-001  1.1387544e+000
 -1.0372559e+000 -4.5098752e-002
  1.1916409e+000  2.5120881e-001
  4.1532040e-001 -1.1358702e+000
 -6.0981347e-001 -1.1721175e+000
  5.3385412e-001 -1.0587886e+000
 -1.1426012e+000  5.0441176e-001
 -1.0304354e+000 -3.1097685e-001
 -1.0722867e+000  5.2176008e-001
  8.3323799e-001  1.1250321e+000
 -1.2542153e+000  8.9562002e-002
 -3.9670206e-001 -1.0574789e+000
 -4.3580857e-001  1.1590142e+000
 -1.3633647e+000 -1.0497457e-001
 -1.0937451e+000 -5.1977953e-001
  2.3458067e-001 -1.0353429e+000
  4.3224742e-001  1.0176781e+000
 -3.6051467e-001  1.3533537e+000
 -1.1181691e+000  4.3476061e-001
 -7.1817059e-001  1.2006348e+000
  1.2898834e+000 -3.1842675e-001
 -1.1107865e+000  4.7653575e-001
 -1.0654434e+000  3.2538870e-001
  7.4895437e-001 -1.1201066e+000
  1.1551326e+000  4.3408664e-001
  1.2218463e-001 -1.3128899e+000
  1.3932753e+000  6.4104285e-002
 -1.0464186e+000  1.6648354e-001
 -1.2674254e+000 -2.9433781e-002
 -5.1116993e-002 -1.4034232e+000
 -1.3623298e+000 -1.4097926e-001
  1.4523379e-001 -1.0102147e+000
  6.5100512e-002  1.1229926e+000
 -2.9127485e-001  1.2299706e+000
  3.0229785e-001 -1.0494359e+000
 -1.1330454e+000  4.1488746e-002
 -5.3747138e-001 -1.0548151e+000
  7.7133152e-001  1.1553103e+000
 -6.9317666e-001  1.0163368e+000
  1.0526608e+000 -2.2882197e-001
  2.9697234e-001  1.3709166e+000
 -2.5281226e-002 -1.3951689e+000
 -1.2921046e+000 -5.3593434e-001
  1.2744025e+000 -1.3949760e-001
 -3.7090954e-001  1.2736741e+000
  3.4682971e-001 -1.3090445e+000
 -1.1381427e+000  1.0503603e-001
 -1.0767491e+000 -3.9125200e-001
  1.7917982e-001  1.2396166e+000
  1.2403598e+000  6.7042671e-001
 -1.1246993e+000 -3.6786440e-001
  7.4591444e-001  1.0053161e+000
 -1.2121542e+000 -6.6873177e-001
 -8.0756849e-004 -1.0374780e+000
  3.1987340e-002  1.0747605e+000
  1.1866903e+000 -7.5426742e-002
 -3.1037755e-001  1.3024509e+000
 -1.3987468e+000 -8.0027859e-002
  4.6377406e-001 -1.2747817e+000
  9.7275058e-002 -1.0944152e+000
  1.2333211e+000  7.8797826e-002
 -2.6186951e-001  1.1104340e+000
  2.2783378e-001  1.3817167e+000
 -1.2201628e+000 -2.3383122e-002
 -5.7120544e-001  1.0577542e+000
  1.0871551e+000 -2.8204710e-001
  1.0531849e+000 -1.7516827e-001
  5.7174633e-001 -1.2219322e+000
 -1.0707273e+000  8.1682599e-001
  1.2710953e+000  1.3119193e-001
 -1.0508030e+000 -7.9116695e-001
 -1.1917164e+000  1.2643206e-001
  5.7006288e-001  1.1576069e+000
 -6.9126862e-001 -1.1924269e+000
 -7.9245917e-001 -1.0410081e+000
  1.0042467e+000 -4.6369220e-001
 -5.3772066e-001  1.1111807e+000
  1.2394675e+000 -3.0753556e-002
  8.1265889e-001 -1.1474666e+000
  4.8550920e-001  1.0398946e+000
 -1.1225485e+000 -2.4515013e-001
 -2.9988767e-002 -1.4010884e+000
 -3.9157846e-001  1.0034574e+000
 -2.2373778e-001  1.2794489e+000
 -8.0263476e-001 -1.0904631e+000
  1.7207846e-002  1.1252742e+000
  5.9292247e-001  1.0288590e+000
  1.0505948e+000  2.1968860e-001
 -2.0002240e-001  1.3296618e+000
 -1.1226331e+000  6.6964819e-001
  2.0395636e-001 -1.2822607e+000
  1.0457543e+000  6.0506208e-001
  3.6894667e-001  1.1451750e+000
  1.1172432e+000  8.0469650e-001
 -3.1435083e-001 -1.2425573e+000
  1.0541995e+000 -5.7750834e-001
  4.6665643e-001  1.0056028e+000
  1.1616819e+000 -1.1936603e-001
  1.3463167e+000 -2.4368394e-002
  1.1452586e+000  7.2617336e-001
 -4.8856174e-001  1.1460206e+000
  1.2038344e+000 -5.6295494e-001
  1.0227206e+000  7.2265243e-001
 -1.0542039e+000  7.7840380e-001
  1.1965425e+000  5.3117623e-001
 -1.4000369e+000  1.5892877e-002
 -1.1931427e+000  1.8286338e-002
  1.2173461e+000  7.1256454e-001
 -4.5548200e-001 -1.0219484e+000
 -1.3992615e-001  1.2761250e+000
 -1.3275096e+000  4.3742846e-002
  1.1309449e+000  3.2549992e-001
 -1.1043469e+000 -4.3864098e-001
 -6.8385525e-003  1.1058710e+000
  1.3215374e+000  2.7213249e-001
 -1.2033450e+000  1.5481982e-001
 -4.0804235e-001 -1.3364718e+000
 -1.1741245e+000  1.0290414e-001
 -1.0771443e+000 -3.4925840e-001
 -1.3013656e+000  1.6859715e-001
 -2.1446539e-001  1.3651390e+000
 -1.1668986e+000  6.0758766e-002
 -2.4087506e-001 -1.3801371e+000
  1.3315045e+000 -3.3222383e-001
  1.1241019e-001 -1.1655756e+000
  9.7530920e-002  1.2438281e+000
  4.6356131e-001  1.1785611e+000
  1.0838390e+000  1.6488062e-001
 -1.0728565e+000  3.9974009e-001
  5.7427495e-001  1.0527051e+000
  1.1495055e+000 -8.1467525e-001
  5.2965010e-001  1.2468934e+000
  2.7338274e-001 -1.3451105e+000
 -9.0057545e-002 -1.1576004e+000
  3.0847524e-001 -1.1991939e+000
 -9.8707634e-002  1.0332153e+000
  1.1141877e+000 -8.5331027e-001
  1.2998804e+000  2.0993542e-001
  1.0565316e+000 -4.8289361e-002
  8.7073718e-001 -1.0418173e+000
 -4.4224931e-001 -1.2698595e+000
 -3.1134487e-001 -1.1999730e+000
 -5.9514378e-001 -1.1707810e+000
 -1.1672563e+000  1.8288654e-001
 -1.2323886e+000  2.5861036e-001
  4.5123688e-001 -1.0140118e+000
  4.9060506e-003  1.1237383e+000
 -1.6286344e-001 -1.2815873e+000
 -5.3444937e-001 -1.0851056e+000
 -1.9172101e-001  1.3146513e+000
  1.1027334e+000  3.8087878e-001
  4.2289222e-001 -1.0899245e+000
 -5.9731218e-001  1.1506573e+000
 -1.0786013e+000  2.2358775e-002
 -1.2838163e+000 -3.5665340e-001
  1.2074936e+000 -3.4839657e-001
 -2.2259395e-001  1.3510442e+000
  7.2215758e-001  1.0550126e+000
  1.2163491e+000 -1.4036630e-002
 -1.6945115e-002  1.0862552e+000
  7.3012651e-001  1.1233917e+000
 -1.0040196e+000 -4.9991409e-001
  1.0224812e+000  4.0426449e-001
  5.0615912e-001 -1.0308748e+000
 -3.8509766e-001  1.0673753e+000
  6.3744413e-002 -1.3465091e+000
  1.3464298e-001 -1.2353161e+000
 -8.9428403e-001  1.0708788e+000
  3.2877697e-002 -1.2287354e+000
 -1.1925573e+000 -2.5113458e-001
  5.0097601e-002 -1.0049579e+000
 -1.2157410e+000 -5.3388001e-001
 -3.1983302e-001  1.3513828e+000
  1.2891754e+000  3.8318569e-001
 -8.9131811e-001  1.0569867e+000
  1.6360348e-002  1.3166874e+000
 -1.2157327e+000  1.4514327e-001
  2.8541811e-002  1.2220691e+000
  1.1464314e+000 -1.0819283e-001
  1.2083898e+000 -5.4630423e-001
  4.8858833e-003 -1.3297941e+000
 -6.9950669e-001 -1.1307635e+000
 -1.0858451e+000 -2.2578571e-001
  1.3294104e+000  2.7641036e-001
 -4.0157465e-001  1.0971913e+000
 -1.2808718e+000  3.6763357e-001
 -1.1924521e+000 -1.2499043e-001
 -4.4720674e-001  1.2078434e+000
 -2.6908116e-002 -1.0063497e+000
 -1.0387056e+000 -8.0756251e-001
 -1.0022853e+000  5.1362274e-001
  7.2100372e-001  1.0574962e+000
  7.3410432e-001 -1.0646324e+000
 -1.1000648e+000 -1.9113010e-001
  1.1613007e-001 -1.2304334e+000
  3.1658173e-001 -1.0306529e+000
 -2.6367727e-001 -1.3138236e+000
 -1.0079479e+000  5.7793369e-001
  1.4218418e-001 -1.0044947e+000
 -1.1765297e+000  6.7831644e-001
 -1.0171764e+000 -7.3989317e-001
  1.0401010e+000 -1.2169128e-001
 -5.2612605e-001 -1.0714171e+000
 -1.5094436e-001  1.2345984e+000
  1.2345488e+000  5.6983766e-002
 -1.3330220e+000 -1.9719521e-002
 -1.0952674e+000  8.0417134e-001
  5.8094786e-001  1.1492619e+000
 -1.1486942e+000 -7.9471253e-002
  1.1236339e+000 -7.3363804e-001
  5.7834303e-001  1.2141104e+000
  8.1646799e-003  1.3330163e+000
 -2.8065979e-001  1.0422309e+000
 -5.5893157e-001  1.1770073e+000
  2.4507564e-002 -1.0756743e+000
  1.1298713e+000 -4.7077536e-001
  1.3233021e+000  2.9177363e-001
 -1.0373367e+000 -6.6668662e-001
  3.6902234e-001  1.1138949e+000
  1.0027184e+000  2.7172957e-001
  1.3092381e+000  1.4851295e-001
 -5.9076682e-001  1.2680173e+000
 -1.0258731e+000 -5.4839499e-001
  1.4742892e-001 -1.3108073e+000
 -1.2028978e+000  6.4242155e-002
 -1.0171235e+000  9.5716825e-002
 -2.3164746e-001 -1.0083845e+000
 -1.0648088e+000  1.6729829e-001
 -9.2975782e-002 -1.1631298e+000
  2.2227116e-001 -1.0156322e+000
 -1.2048694e+000 -6.1880874e-001
 -1.1493879e+000  4.9937347e-001
 -1.1392941e+000  4.5193073e-001
  2.3018390e-001  1.2310362e+000
  1.2390106e+000 -2.2485801e-001
  8.1662240e-001  1.0953401e+000
 -1.9937617e-002 -1.0825712e+000
 -1.2830744e+000 -7.2300577e-002
 -2.6596527e-001  1.3425088e+000
 -1.2203350e+000  4.4527737e-001
 -1.3823299e+000 -2.9504953e-001
 -8.0064872e-001 -1.1500839e+000
  8.6038789e-002 -1.0793806e+000
 -7.1123978e-002 -1.1146443e+000
  1.1341834e+000 -4.1565311e-001
 -1.2127713e+000 -2.0088524e-001
 -1.1037739e+000  8.2846580e-001
 -1.0069498e+000 -2.0466608e-001
 -3.6245157e-001  1.1074600e+000
  4.0953432e-002 -1.0680504e+000
 -1.3930428e+000 -2.1795183e-001
  1.8134942e-001 -1.0655042e+000
 -1.2299773e+000  8.6027422e-002
 -1.2297332e+000 -7.6218179e-002
  1.1032274e+000 -6.0457208e-001
  1.9408498e-002  1.4096873e+000
 -5.5818418e-002 -1.0993340e+000
  2.1974964e-001  1.1820384e+000
  1.6557321e-002 -1.1637663e+000
 -7.1282640e-001 -1.0252600e+000
  1.0341392e+000  6.5744497e-002
 -2.1350177e-002 -1.0082479e+000
  1.0313314e+000 -1.4662505e-001
 -8.4644491e-001  1.0820436e+000
 -6.8828757e-001  1.1018486e+000
  1.1501561e+000  1.6394290e-001
 -1.1348184e+000  4.6031806e-001
 -5.0092098e-001 -1.0038014e+000
 -2.8637934e-001  1.2127532e+000
 -3.9810677e-001 -1.2837754e+000
  1.1674484e+000 -3.8233959e-001
  1.8487083e-001  1.1269074e+000
  1.1154487e+000 -3.6073537e-001
  9.0178155e-001 -1.0796622e+000
  5.5223667e-001 -1.1724214e+000
 -2.4419429e-001  1.0552635e+000
  1.0254196e+000  7.4097225e-001
  1.9781367e-001  1.0789076e+000
  4.6347786e-001  1.3216714e+000
 -1.2488666e+000 -7.9033703e-002
 -1.4494497e-001 -1.1064325e+000
  7.4197060e-001 -1.1441592e+000
 -5.3812804e-001  1.1571444e+000
 -8.4320320e-001 -1.0600284e+000
 -1.0430349e+000  9.1279265e-001
  1.1627488e+000 -2.4906185e-001
  1.1873254e+000 -5.1627113e-001
 -4.3834428e-001 -1.3080373e+000
  1.7260979e-001  1.2260462e+000
  4.0934620e-001 -1.0995891e+000
  8.5867599e-001  1.1114443e+000
 -1.0770670e-001  1.3447368e+000
  1.1311420e-001 -1.2498434e+000
  1.2159724e+000 -1.8051006e-001
 -1.2078694e+000  2.2181854e-001
  1.1469086e+000 -2.0420468e-002
 -1.2488605e+000 -4.7545072e-001
 -8.8630187e-001  1.0188139e+000
  1.2370481e+000  6.4432431e-002
  1.2395576e+000 -5.0866347e-001
 -1.1452277e+000  4.1018696e-001
  7.5707547e-001  1.0983493e+000
 -7.6610901e-001 -1.1176671e+000
 -3.5630852e-001  1.0399534e+000
 -1.2768869e+000  5.2035044e-001
  1.0609781e+000  3.2754583e-001
  1.8438198e-001 -1.2827587e+000
 -1.0517560e+000 -1.8539947e-001
  8.3662444e-001  1.0678229e+000
  6.1244582e-002 -1.1743500e+000
 -1.2273014e+000 -6.2015291e-001
  1.0104499e+000 -4.2400309e-002
  4.3639191e-001 -1.1789521e+000
  1.2509704e+000  2.1078374e-001
 -1.3696701e+000  5.9881998e-002
 -1.1438658e+000  2.0568753e-001
 -3.9149969e-001  1.0638633e+000
  1.0058369e+000  8.4489259e-001
 -1.1325459e+000 -5.6549161e-001
  1.2268819e+000  2.2053383e-001
  4.6034312e-001  1.1414874e+000
  7.9299762e-001  1.1311699e+000
  1.0307583e+000 -1.6480760e-001
 -1.2305858e+000 -3.5372266e-001
 -3.9545206e-001  1.1859979e+000
  5.3451367e-002  1.1948490e+000
  1.1637701e+000  6.3731146e-001
 -5.6013446e-002  1.1468343e+000
 -1.1076203e+000  5.4816440e-001
 -7.5625854e-001  1.0782695e+000
 -1.2740833e+000  5.2595673e-001
 -4.8435155e-001  1.1189527e+000
  1.0235732e+000 -7.8370927e-001
  5.1616952e-001 -1.2635314e+000
  1.0276230e+000  1.0922099e-001
 -1.3854236e+000  1.7155742e-001
  1.1676285e+000 -2.8592846e-001
  1.0264137e+000 -2.7235251e-001
  1.0394584e+000  8.2308325e-001
 -1.1049607e+000 -1.1385720e-002
 -4.1889106e-001 -1.0005170e+000
  1.1971006e+000  4.9185884e-001
  9.3800457e-001  1.0174869e+000
 -5.2076954e-001 -1.0119548e+000
  4.7820190e-001 -1.2867624e+000
  1.2364493e+000  3.8288428e-001
 -7.4768341e-001  1.1920349e+000
  1.1733606e+000  9.0229077e-002
  6.3384241e-001 -1.1734016e+000
 -1.6505946e-001 -1.0619452e+000
  8.2481933e-001  1.0525918e+000
 -1.2589029e+000 -3.4932987e-001
 -1.1612514e+000 -2.5364411e-001
  2.1958207e-001 -1.0799580e+000
  1.3891340e-001 -1.0912071e+000
  2.8253811e-001  1.3847394e+000
  1.0206151e+000 -6.2086696e-001
 -1.0620467e+000  8.1536865e-001
  1.2882311e+000 -1.0915988e-001
  1.0815120e+000  6.0475179e-001
  3.4056139e-001  1.3105912e+000
  1.0779179e+000  7.6833053e-001
  1.0740583e+000 -2.0998077e-001
  1.0351378e+000  3.4336611e-001
  1.0094769e+000  4.4163901e-001
 -1.0201606e+000  2.7742787e-001
 -1.2584244e+000  2.8490560e-001
 -1.1292790e+000 -2.0129068e-001
  4.3290190e-001 -1.2152124e+000
  5.1436686e-001 -1.2836510e+000
  3.6362613e-002  1.2578841e+000
 -2.0080092e-001 -1.3387894e+000
 -1.1769115e+000  1.8609832e-001
  1.2325825e+000 -4.8209081e-001
 -8.3125728e-001  1.0137832e+000
 -1.0016665e+000 -2.9122465e-001
 -4.2082473e-001  1.3481866e+000
 -1.0022110e+000 -8.1272077e-001
 -2.2025247e-001  1.0729759e+000
 -1.1672058e+000 -1.7968183e-001
 -1.0096662e+000 -2.6425574e-002
 -1.1210096e+000  2.5417821e-001
 -1.1641639e+000  4.8697085e-001
 -1.2433001e+000 -5.6087009e-001
 -2.4962102e-001 -1.3262547e+000
 -1.0716593e+000 -7.6540677e-001
 -1.3302462e+000 -2.6628234e-001
  1.3685897e+000 -3.3756458e-001
  1.0999761e+000 -4.0864205e-001
  1.8646335e-001  1.3919674e+000
  2.2892921e-001 -1.0116364e+000
 -1.3825797e+000 -2.7754675e-001
 -1.0924461e+000 -1.8879815e-002
  4.8348145e-001 -1.2015080e+000
  1.0379989e+000 -3.1486658e-001
 -1.0217690e+000 -1.4199166e-001
  6.2810989e-001 -1.0332373e+000
 -1.1931381e+000  3.0568265e-001
 -1.5793730e-001  1.3693722e+000
  4.5135098e-001 -1.0047177e+000
 -5.2241019e-001 -1.2261004e+000
 -1.0464438e+000 -1.0812604e-001
  7.2200223e-001  1.0694317e+000
  3.0201645e-001  1.2843609e+000
  1.9394777e-002 -1.0257319e+000
 -1.4027445e+000 -1.5311242e-001
  4.8699602e-001  1.2226165e+000
 -1.0369963e+000  7.1945557e-001
 -1.1455535e+000 -7.4941250e-001
 -2.6839403e-001  1.3550541e+000
  1.0281142e+000  2.5877456e-001
 -5.4406465e-001 -1.0769258e+000
 -1.1502256e+000  1.6060292e-001
  1.1837092e+000 -3.3964931e-002
 -7.6626196e-001 -1.1549045e+000
 -1.1434196e+000 -2.1501520e-001
  2.0712526e-001  1.1217347e+000
  6.4646275e-001 -1.0530034e+000
 -1.2160715e+000  3.1482822e-001
 -2.9994051e-001  1.3437253e+000
  1.3847552e+000 -2.2645535e-001
  1.2060140e+000  1.9218690e-001
 -1.0509255e+000 -1.1293778e-001
 -1.2809095e+000 -2.3173113e-001
 -1.2312409e+000 -6.0070605e-002
  8.3328768e-001  1.1042582e+000
 -1.2533494e+000  2.4455941e-001
 -4.0711242e-001 -1.2468921e+000
 -1.1300643e-001  1.0346827e+000
  1.1469848e+000  7.4484942e-001
  1.2364589e+000  1.2245687e-001
 -6.9104018e-001  1.0973309e+000
  1.1842629e+000  3.5522992e-001
 -1.2291197e+000  5.5227439e-001
 -1.1052124e+000 -3.7882580e-001
 -1.2076830e+000  2.9866418e-001
 -1.0639828e+000  6.1627803e-001
  4.1363861e-001  1.0860169e+000
 -4.6181117e-002  1.4109382e+000
 -1.1762787e+000  1.3167125e-002
  1.1931179e+000  1.0395579e-001
  1.3043113e+000  3.7333733e-002
  1.1283379e+000 -1.1665504e-001
 -1.3573016e+000 -6.4009471e-002
  1.1780098e+000 -1.1429601e-002
  1.3702556e+000  8.4169338e-002
  1.7536870e-001 -1.3993988e+000
 -1.0237607e+000 -1.4098346e-001
  4.7278848e-001  1.2635688e+000
  2.5395923e-001 -1.1607261e+000
 -1.2266081e+000 -6.2791678e-001
 -5.3809920e-001 -1.0914061e+000
  1.3643679e+000  1.5125911e-001
  8.0471364e-001 -1.1043939e+000
 -1.1568584e+000 -5.4406740e-001
  1.0285341e+000  4.9582166e-001
 -1.2534091e+000 -1.6960942e-001
  1.3163722e+000 -1.9110043e-001
  3.8798784e-001 -1.1999925e+000
 -5.0362571e-001  1.3072107e+000
  1.0157617e+000 -8.2659025e-001
  1.4252152e-001  1.1088989e+000
  4.8452943e-001  1.0659701e+000
  1.0552113e+000  7.0857745e-002
  2.5418247e-001 -1.1955937e+000
  1.2151400e+000  5.9402727e-001
 -7.9659343e-001 -1.1171360e+000
 -5.4184597e-001 -1.0255817e+000
 -1.2659298e+000 -1.2070368e-001
 -1.1529593e+000  5.7223870e-001
 -1.0194866e+000  1.1641481e-002
  4.0638778e-002 -1.1045013e+000
 -6.0428319e-001  1.2115516e+000
  1.0285287e+000 -1.9856004e-001
 -1.0562231e+000 -3.6491202e-002
 -1.2239089e+000 -5.3415822e-001
 -1.0191476e+000 -2.4735248e-001
 -2.3833717e-002 -1.1050950e+000
 -8.0582184e-001  1.0237829e+000
 -1.0672393e-001  1.2491750e+000
 -8.9417363e-003 -1.1022005e+000
 -2.2335612e-001  1.3217138e+000
  1.1697674e+000  7.4779826e-002
  3.4468432e-001  1.1943505e+000
  1.3790403e+000  1.4996135e-001
 -2.1013197e-001 -1.0472204e+000
  1.2836872e+000 -3.3875349e-001
  5.4537830e-001 -1.1725597e+000
 -1.0556822e+000 -2.6790534e-001
  1.3125489e+000  1.1092978e-001
 -8.5172354e-002  1.2656062e+000
 -1.1998213e+000  2.7722727e-001
  4.9000132e-001 -1.1762390e+000
 -1.1167446e+000 -5.5976987e-001
  1.3540059e+000  2.4747896e-001
  3.7718292e-001  1.3498031e+000
 -2.4964609e-001 -1.1598737e+000
  3.5781512e-002 -1.1381474e+000
  1.1148428e+000 -4.6367601e-003
 -8.0607662e-001  1.1531395e+000
  1.2994016e+000 -1.0735518e-001
 -9.1111329e-001 -1.0725038e+000
  7.9611885e-001  1.0398265e+000
  1.0662881e+000 -7.2194791e-001
  3.6552709e-001 -1.0067709e+000
  8.0308868e-001  1.0497685e+000
 -1.3591874e+000  1.3012686e-001
 -1.3570535e-001 -1.1051650e+000
  3.6437641e-002 -1.1542509e+000
 -9.9250985e-002  1.0069385e+000
 -5.9287358e-001  1.1867559e+000
 -1.0483444e+000 -5.4295737e-001
  4.7380612e-001 -1.2640744e+000
  8.3306686e-001 -1.0892800e+000
  6.2356174e-001  1.2674948e+000
 -3.1281341e-001  1.2326465e+000
 -8.7686331e-001 -1.0116393e+000
  6.5985451e-001  1.1986513e+000
  5.3294776e-001  1.1851491e+000
 -1.3298070e+000 -9.0506826e-002
 -7.9195609e-001  1.0311972e+000
  1.3308158e+000 -3.7566805e-001
  1.0001704e+000  1.0959527e-002
  1.1057991e+000  6.7803537e-001
  1.0125894e+000 -2.7862282e-001
  7.2933459e-001 -1.1006748e+000
 -2.4769592e-001 -1.3341936e+000
  2.2947275e-002 -1.3624754e+000
 -4.0208923e-001 -1.2770723e+000
  1.2592880e+000 -4.3821946e-001
  2.3718369e-001  1.3301481e+000
  7.2453018e-001  1.0539050e+000
 -2.8895328e-001  1.0257086e+000
 -1.1892141e+000  1.3046649e-001
 -1.7379582e-001 -1.1957980e+000
 -1.1099352e+000  4.3158962e-001
  1.0116914e+000 -1.8096926e-001
  1.1206838e+000 -3.7051268e-001
  6.7827098e-002 -1.2733229e+000
 -1.1545834e+000  5.1114176e-001
  1.2618377e+000 -4.5154437e-001
 -6.7519388e-001 -1.1660321e+000
 -1.0462485e+000  8.4011603e-001
  1.5377639e-001 -1.1258706e+000
  5.2352061e-001  1.1466038e+000
 -1.2421393e+000  4.8337178e-001
  5.4113652e-001 -1.1965722e+000
 -6.8282469e-001  1.0714194e+000
  1.3724572e+000 -1.7823646e-001
  5.6551298e-001  1.2392766e+000
 -1.2242593e+000 -6.8897537e-001
  5.5568573e-002  1.3142820e+000
 -1.1650546e+000  4.5241352e-001
  2.0778650e-001  1.0262735e+000
  1.3726019e+000  9.1219781e-002
  8.0705079e-002 -1.3132481e+000
  4.5873317e-001  1.1923346e+000
  5.6050791e-002 -1.0866031e+000
 -3.6304889e-001 -1.1569020e+000
 -1.1782955e+000  3.4290714e-001
 -1.2064574e+000 -4.8130212e-002
 -1.2280718e+000  2.3170698e-001
 -1.3444745e-002  1.3475342e+000
  6.9844231e-001  1.0151984e+000
  4.9145113e-001  1.1088220e+000
  3.1971465e-001 -1.0817428e+000
  1.0208041e+000  2.1289933e-001
  3.7552651e-001  1.1714462e+000
  1.3506829e+000 -4.1193333e-002
  1.1975669e+000  7.2323987e-001
  1.2083751e+000 -4.6787498e-001
 -4.6083046e-001  1.2293067e+000
  5.3020116e-001 -1.0662209e+000
 -4.1759322e-001 -1.0910054e+000
 -2.0100368e-001  1.3311677e+000
  5.4734900e-001  1.2567704e+000
  5.2642481e-001 -1.1091716e+000
  1.1344069e+000  4.7735600e-001
 -1.8509152e-001  1.0849371e+000
  1.5911527e-001  1.1970235e+000
 -2.6290151e-001 -1.2116220e+000
 -1.2476803e+000 -6.5865055e-001
  6.3474286e-001  1.2336757e+000
  1.1267532e+000  2.4849913e-002
  1.2315956e+000  4.9438697e-001
 -1.2469319e+000  3.3800706e-001
 -1.0388960e+000  4.6418527e-001
  1.3632059e+000 -2.1711547e-001
 -1.3300640e+000  4.3998799e-001
  1.0575698e+000 -7.0302084e-001
 -1.4274659e-001 -1.4026444e+000
  2.7037706e-001  1.1879312e+000
  1.2302703e+000  1.8854106e-001
  1.1643536e+000 -3.8613277e-001
  1.6195352e-002 -1.2091050e+000
 -5.4635346e-001  1.1583048e+000
 -7.1000298e-003  1.3721127e+000
  6.6438148e-001  1.0673694e+000
 -1.0094607e+000 -2.2809314e-001
 -1.2357884e+000  3.5030266e-001
 -2.8996902e-001 -1.3657902e+000
 -3.7430079e-001 -1.1169691e+000
  1.1462927e-002 -1.1845031e+000
  1.0088088e+000 -2.2216342e-001
 -1.0784014e+000  8.9574798e-001
  1.0888953e+000 -1.9566121e-001
 -1.2916737e+000 -2.2207932e-001
  1.2985493e+000  3.4376509e-001
  7.0758030e-001  1.1828073e+000
  1.0445751e+000 -5.6263862e-001
  2.9510389e-001  1.0543581e+000
 -8.3508334e-001  1.0502260e+000
  1.9284108e-001  1.2967654e+000
  8.1315091e-001  1.0872077e+000
  1.8881758e-001 -1.2199574e+000
 -1.0745718e+000 -1.5192427e-001
 -1.0480865e+000 -9.4793789e-002
  1.0341615e+000 -8.1885832e-002
  8.1519486e-001  1.0769208e+000
 -1.2767548e+000  3.0545997e-001
  8.2803192e-001  1.0394597e+000
 -1.1623577e+000  7.6160140e-003
 -7.2400141e-001 -1.1477369e+000
 -8.7344850e-001 -1.0933810e+000
 -4.9365483e-001 -1.2472166e+000
  5.0016267e-001  1.1428289e+000
  1.2505528e+000 -2.3279761e-001
  1.1406236e+000  7.8757524e-001
  1.1857565e+000 -6.8494940e-001
  6.8774922e-001 -1.2128799e+000
  1.3284844e-001  1.3351306e+000
 -4.9458734e-001 -1.1220428e+000
 -1.0867166e+000 -5.6520559e-001
 -1.3647331e+000 -2.4232395e-001
  5.6815813e-001  1.2461581e+000
  1.3004199e+000  5.5195603e-001
 -1.0056403e+000  6.6535934e-001
  1.1107947e+000  8.3602827e-001
  1.2397275e+000 -5.4259045e-001
 -1.3011085e+000  7.5422358e-003
 -6.6121330e-001 -1.0656099e+000
  1.1284874e+000  5.9947347e-001
 -1.2793945e+000 -4.0871481e-002
  2.7695118e-001 -1.0185127e+000
 -1.2290154e+000  5.4117577e-001
 -1.9161176e-001  1.0722176e+000
 -5.8263702e-001  1.1497967e+000
 -5.1459431e-001 -1.1298511e+000
 -1.0545114e+000 -8.6010814e-001
 -1.3999570e+000  1.5153866e-001
 -3.8490866e-001 -1.0217423e+000
  1.1770836e+000 -7.6225329e-002
  6.3975564e-001 -1.1835549e+000
 -6.5239211e-001  1.2387693e+000
 -4.1368941e-001 -1.1325532e+000
 -1.0655259e+000  7.8024925e-001
  7.5070443e-001  1.0580089e+000
 -7.8394678e-001  1.0915999e+000
  4.1593172e-001 -1.2565879e+000
 -1.0931959e+000 -7.4537170e-001
 -5.2977478e-001 -1.1969549e+000
 -1.1300806e+000  3.5431223e-001
 -1.0678284e+000 -1.6778269e-001
 -2.6712714e-001  1.1447658e+000
  1.2457982e+000  2.4315177e-001
  1.1232611e+000 -6.3447142e-002
  1.3620017e+000  1.3514542e-001
  9.7914374e-001  1.0132043e+000
  1.2475844e+000 -4.3456495e-001
  4.8156987e-001 -1.1489080e+000
  1.3209388e+000  3.0706312e-002
 -1.3109046e+000 -4.1936570e-001
 -7.2470932e-002  1.2734629e+000
 -4.8261791e-001 -1.2490051e+000
  1.2251751e+000 -5.5207497e-001
 -1.2847724e+000  3.5869445e-001
  1.1948678e+000  8.3988195e-002
 -6.7058750e-001 -1.1841956e+000
  1.1717308e+000  2.5302982e-003
 -1.6782311e-001 -1.0158161e+000
 -1.3229937e+000 -1.3930130e-002
 -1.0570638e+000 -4.4469121e-001
  1.2359474e+000 -4.4152160e-001
  1.1745606e+000 -1.9581559e-001
 -5.2004410e-001  1.1727367e+000
 -1.4014788e+000 -1.6096772e-001
 -6.1401896e-001  1.1593287e+000
  1.0192975e+000 -7.3139179e-001
 -1.1207432e+000  4.7940438e-001
  1.1298998e+000  2.9005203e-001
  1.0411115e+000  8.8551761e-001
 -2.3346229e-001 -1.0372909e+000
  3.0661604e-001  1.0276517e+000
  1.0116967e+000 -7.4094838e-001
  1.1209742e+000  6.3284438e-001
 -1.1081009e-001  1.2708603e+000
 -5.9676910e-002  1.0108482e+000
 -1.2321445e+000  2.4101395e-001
 -1.0984428e+000  4.8577380e-001
  1.3646322e+000 -3.5841303e-001
 -1.0411203e+000  5.9207995e-001
  1.1053954e+000 -5.9901140e-002
  3.9130609e-001 -1.3246020e+000
 -7.1101088e-001  1.0619446e+000
 -1.2510641e+000  4.0960984e-001
 -6.1308239e-001 -1.0869154e+000
 -8.7912743e-001 -1.0536753e+000
  5.4461285e-001 -1.1392812e+000
  1.4320813e-001  1.1495264e+000
 -1.1131094e+000 -4.7784057e-002
  3.0135479e-001  1.1105329e+000
 -4.9653513e-001  1.3139699e+000
  1.0863080e+000  9.3514185e-002
  1.1440909e+000  6.4369526e-001
 -1.0700622e+000  2.6785397e-001
 -1.1438062e+000  1.3187985e-001
  1.3736364e+000  6.9655870e-002
  1.0701186e+000 -6.3349923e-001
  9.7490755e-002  1.1927038e+000
  1.0498880e+000  9.0049748e-001
 -1.2957967e+000 -4.7909308e-002
 -1.0942369e+000  2.4556114e-001
 -1.1466494e+000 -7.0084932e-001
 -5.8703896e-001 -1.2604321e+000
  1.1350828e+000  7.7566947e-001
  6.1522585e-001  1.2273764e+000
  5.6100519e-001 -1.0273039e+000
 -1.2178433e+000 -1.2443092e-001
 -1.0016094e+000 -3.6363015e-002
 -5.9485926e-001  1.0966054e+000
  1.1622969e-001 -1.0537489e+000
  1.3977803e+000  1.8316443e-001
  1.3793285e+000 -1.3814480e-001
 -6.4756037e-002 -1.2958107e+000
  1.2493333e+000  3.0564036e-001
  1.1661081e+000  3.3314784e-001
 -1.1216346e+000  1.0704975e-001
  9.0992318e-001  1.0646386e+000
 -9.3598474e-002 -1.1120580e+000
 -1.1034006e+000  7.9323840e-002
 -1.0502226e+000  4.6585159e-001
  6.4773380e-001 -1.1825436e+000
  1.3018442e+000 -2.4797292e-001
 -2.7873645e-001 -1.1851239e+000
 -6.4079270e-001  1.0646429e+000
  1.1677112e+000  4.3503509e-002
 -1.6770257e-001 -1.3333275e+000
 -1.1038235e+000  5.7688094e-001
  4.5961159e-001  1.2312774e+000
  1.3962134e+000 -2.3721184e-003
 -4.6902731e-001 -1.3084378e+000
  1.1509217e+000  3.3347370e-001
 -1.1895542e+000 -3.8678081e-002
  4.4560651e-001  1.2303540e+000
 -6.4798591e-001 -1.1996010e+000
 -6.3627609e-001  1.1047307e+000
 -3.6156325e-001 -1.3303129e+000
  8.2594296e-002  1.2892310e+000
  2.3321380e-001 -1.2842352e+000
 -1.1437215e+000 -3.6161731e-001
  1.0065975e+000  9.5959189e-001
 -3.8032022e-001  1.1795740e+000
  1.0360821e+000  4.5496980e-001
 -2.2953692e-001 -1.0659316e+000
 -1.0597909e+000 -4.6112113e-001
 -1.2556454e+000  2.4432339e-001
 -1.2368361e+000  1.6559433e-001
 -2.9879520e-001 -1.0978221e+000
  1.0887319e+000  2.3818684e-001
 -2.8568951e-001  1.1896891e+000
 -1.0054728e+000  8.6608108e-001
 -1.1257485e+000 -3.3543842e-001
 -1.0186208e+000 -5.6972059e-001
  1.3389726e+000 -2.8001553e-001
  3.1686366e-001 -1.1039325e+000
  2.1501372e-001  1.0676358e+000
 -1.1139432e+000  8.2835212e-002
 -1.0670543e+000  4.7982510e-001
 -1.1381855e+000 -3.2861671e-001
 -1.0508373e+000 -6.3962092e-001
 -1.5051749e-001 -1.0418323e+000
  1.3575081e-001  1.3699933e+000
  8.5363093e-001  1.0706225e+000
 -2.8632759e-001  1.0919630e+000
 -3.1779695e-001 -1.2922616e+000
 -1.2817357e+000  7.7249305e-002
 -1.1044902e+000 -8.3999484e-001
 -1.3876879e+000  1.7844509e-001
  7.3484259e-001 -1.0422798e+000
 -5.6730916e-001 -1.0598897e+000
 -1.1839951e+000  4.2337228e-001
 -1.1460388e+000  3.3767173e-001
  8.9929899e-001  1.0575500e+000
  1.2870505e+000 -5.4268152e-001
 -1.0482229e+000  6.5879257e-001
 -1.0206458e+000 -4.0412581e-001
 -1.0403539e+000 -4.1853982e-001
  1.3555330e+000  2.0495534e-001
  1.1025757e+000 -4.0792211e-002
  1.3224997e+000  2.3194527e-001
 -5.0378976e-001 -1.1664026e+000
 -4.1350365e-001  1.3009892e+000
  1.0935506e+000 -6.6618370e-001
 -1.0481307e+000 -2.5216732e-001
 -1.8169788e-001 -1.2372665e+000
 -1.0573889e+000 -4.1463685e-001
 -1.0286912e+000  6.1854206e-001
 -2.0611585e-001 -1.3039897e+000
  1.2375713e+000  6.3743445e-001
 -8.5907054e-002 -1.0233468e+000
  4.7451878e-001  1.1872275e+000
  6.2068185e-001  1.2352297e+000
 -1.2580659e+000 -1.6178482e-001
 -3.7037572e-001  1.1986202e+000
  1.0586883e+000 -6.4134443e-001
  1.1870052e+000 -5.2133089e-001
 -3.0742424e-001 -1.2928942e+000
  3.7252403e-001  1.1708551e+000
  1.1403711e-001 -1.3946994e+000
 -5.4513148e-001  1.2443962e+000
  1.0940766e+000  1.8796520e-001
 -8.8001151e-003  1.0542685e+000
  1.1017135e+000  1.7923361e-001
  1.0318437e+000  2.6345798e-001
  3.2720225e-002 -1.1115232e+000
 -1.2429517e+000  2.5638464e-001
 -9.3006408e-002  1.0800201e+000
 -1.0147607e+000  7.2408626e-001
  1.0759790e+000  7.6576188e-001
 -2.2689321e-001 -1.1596228e+000
 -9.3956327e-001 -1.0081596e+000
 -1.0776810e+000 -6.2133574e-001
  5.5277182e-001 -1.0324216e+000
 -1.2832721e+000 -5.2714257e-001
  1.2178905e+000  2.2924170e-001
 -1.0941578e+000  3.7751653e-002
  4.0444636e-001  1.2190086e+000
  5.6324671e-001  1.2397545e+000
  1.2074544e+000  6.1028351e-001
 -1.6271508e-001  1.3210555e+000
 -1.0820088e+000  3.0140756e-001
 -1.4040583e-004  1.3243287e+000
  1.0577566e+000  2.8142385e-001
  1.2667630e+000 -9.4283934e-002
  1.0969331e+000 -1.6280545e-002
 -1.0402700e-001  1.2485943e+000
 -1.2017993e+000 -6.8544586e-001
  5.5283500e-002  1.0085926e+000
  1.0777745e-001  1.1000396e+000
  1.2738732e+000  5.3820650e-001
  1.2752174e+000  3.0359906e-001
  2.1521431e-001 -1.2411285e+000
  1.0662680e+000  4.8677463e-001
  1.0092324e+000  1.3132788e-001
 -5.4160802e-001  1.2251148e+000
 -1.3327298e+000 -3.4098994e-001
  3.0178110e-001 -1.3541045e+000
  2.1983898e-002  1.3836021e+000
  1.0336832e+000  7.8050306e-001
  9.1520591e-001  1.0320538e+000
  1.1097897e+000 -3.7479472e-001
 -1.0480754e+000 -6.9050146e-001
 -1.2535663e+000 -1.1416903e-001
 -1.1097965e+000 -4.2632089e-001
  1.0011754e+000  4.8443000e-001
 -1.0186101e+000  6.7854329e-001
 -1.0479891e+000 -4.0955215e-001
 -1.1459822e+000  4.4002374e-001
  7.4869740e-001 -1.0661356e+000
 -1.3352829e+000 -2.7799681e-001
  1.0472360e+000 -8.1685237e-001
  1.0321501e+000 -5.3341603e-001
  1.1444683e+000  4.7585264e-002
  3.3209027e-001  1.0524887e+000
 -2.9743610e-001 -1.1650286e+000
  1.2839575e+000  4.2504413e-001
 -1.1370940e+000  3.7922941e-001
 -3.7199900e-001 -1.2481474e+000
 -1.0860449e+000 -3.0033939e-002
 -1.2523477e+000  4.3652347e-001
  1.2131743e+000  7.0793944e-001
  1.3618640e+000  1.6286600e-001
 -2.4013227e-001 -1.0412547e+000
 -1.0261238e+000 -1.7315784e-001
 -1.1074805e+000 -6.3878238e-002
 -5.4198478e-001  1.1883455e+000
 -4.8476951e-001 -1.3043860e+000
 -1.0031914e+000  6.2594484e-002
 -1.2725564e+000 -4.9809238e-002
 -4.3490469e-001 -1.1685716e+000
 -1.0333278e-001  1.2846789e+000
  4.3534372e-001 -1.2031515e+000
  1.2328421e+000 -5.0981329e-001
  1.0198266e+000  8.7172117e-001
 -6.6864106e-001 -1.2167003e+000
 -6.9581992e-001 -1.1608855e+000
  2.6671735e-002  1.0825851e+000
 -4.3453646e-001  1.0891163e+000
  1.1130310e+000 -8.4793314e-002
 -1.1592486e+000  4.8423838e-001
 -6.5815754e-001  1.1194867e+000
  9.5773952e-002 -1.2302612e+000
 -3.4820317e-001 -1.2184896e+000
  1.3626064e+000  8.1509449e-003
  1.0244740e+000 -6.8146745e-001
  5.3205410e-001 -1.2607061e+000
  5.8464842e-001 -1.0447681e+000
 -1.5395064e-001 -1.1445103e+000
 -1.2257188e+000  4.8306013e-001
  1.0624994e+000  8.5615253e-001
 -5.2870723e-001 -1.0832514e+000
  2.6970158e-001 -1.0555877e+000
  1.0394777e+000 -5.1142930e-001
 -1.0389714e+000  3.1893524e-001
 -1.0838779e+000  4.7169789e-001
  3.1023068e-001 -1.3452097e+000
  1.0336208e+000  7.8057074e-001
 -7.4797444e-001  1.1644937e+000
 -1.2829358e+000  8.8052036e-002
 -1.1833337e+000  6.2059054e-001
  1.0330967e+000  7.2005516e-001
 -4.8567165e-003  1.2682697e+000
  7.6213849e-001 -1.1687727e+000
  1.8993070e-001 -1.2538016e+000
 -8.7669018e-001  1.0086022e+000
  1.2567192e-001 -1.2034895e+000
  1.2499798e+000  1.9598782e-001
  1.0625980e+000 -5.3877675e-001
  8.4701237e-001  1.0824469e+000
 -6.3468145e-001 -1.1084807e+000
 -2.3073005e-001  1.0474009e+000
 -3.5581984e-001 -1.1276421e+000
  1.0872195e+000 -4.7257377e-001
  1.0972662e+000  7.3778629e-001
  1.1669437e+000  7.3142360e-001
 -7.8459066e-002  1.3899431e+000
  2.5918019e-001 -1.0932064e+000
  4.2193033e-001 -1.0324115e+000
  6.7119567e-001 -1.0626601e+000
 -4.1122553e-001 -1.2408638e+000
 -1.2522686e+000 -2.7042308e-001
  1.2569264e+000 -3.6496990e-002
  5.9812581e-002  1.2687180e+000
  1.3072827e+000 -3.4533282e-001
 -2.1870523e-001 -1.1876332e+000
  5.2454712e-002 -1.3744385e+000
  1.1947906e-001  1.0328046e+000
 -1.2613863e+000  1.3275243e-001
  1.1175977e+000 -7.9425639e-001
  1.0330214e+000 -1.9846564e-001
  1.2027154e+000 -4.1190740e-001
  3.3796004e-001 -1.3068183e+000
 -4.2877031e-001 -1.0155728e+000
 -7.0989112e-001  1.2088546e+000
  6.2574153e-001  1.0654840e+000
  1.1571499e+000 -1.9214863e-001
  7.2899293e-001  1.0489045e+000
  1.0031012e+000  8.7516264e-002
  3.6581574e-002  1.3532529e+000
 -1.3073104e+000 -4.2995007e-001
  1.2049557e+000 -3.3381689e-001
  6.2695124e-002 -1.2222318e+000
 -1.2976390e+000  3.1654927e-001
  1.0740686e+000  2.7557913e-001
 -3.4278201e-001 -1.3431416e+000
  1.1492060e+000  4.6035692e-002
 -1.1481256e+000  2.8535129e-001
  6.8103287e-003  1.3358680e+000
  1.6403311e-001  1.1533273e+000
 -1.0568851e+000 -3.8703700e-001
  1.0865176e+000  1.1983832e-001
  1.1078249e+000 -1.2668220e-002
  1.7439486e-001 -1.2974510e+000
  1.2974061e+000  5.2630487e-001
 -1.8756890e-002  1.3307919e+000
 -1.2251086e+000 -6.7330718e-001
 -8.0930640e-001  1.0438702e+000
 -7.4706297e-001  1.0533810e+000
  1.0121416e+000  3.7825808e-001
  8.6597315e-001  1.0953587e+000
  1.3686952e+000  1.0373196e-001
 -1.3623439e+000  1.5400886e-001
  1.1345391e+000  2.2661153e-002
 -1.3787627e+000 -4.1252713e-002
  1.1281483e+000 -2.2409120e-002
  8.9141262e-001  1.0074610e+000
  5.2488415e-001  1.2187728e+000
 -2.7594148e-001  1.3679856e+000
 -4.5386355e-001 -1.0267962e+000
 -3.0135659e-001  1.3445666e+000
 -1.0632831e+000 -7.9341520e-001
 -1.2456990e+000  4.8511641e-001
 -1.0173251e+000 -2.6687498e-002
  4.6587113e-001 -1.2314077e+000
 -5.9717438e-002 -1.1797300e+000
 -1.3403644e-001  1.2728186e+000
  7.0023185e-001 -1.0299735e+000
 -2.3937294e-001  1.1151669e+000
  3.9138035e-001 -1.1298605e+000
 -2.3696909e-001  1.2816036e+000
 -4.8214818e-001 -1.2172744e+000
 -5.7004521e-001 -1.0079082e+000
 -4.2696259e-001  1.0795937e+000
 -1.1017456e+000  4.1359947e-001
  4.8177430e-002 -1.0247505e+000
  3.1809565e-001 -1.2266051e+000
 -1.0328685e+000 -2.9738001e-001
  1.0533606e+000 -1.4047493e-001
  1.1923438e+000  3.2550020e-001
  5.1761741e-001  1.2517419e+000
 -7.9247654e-001  1.1509915e+000
 -2.9223546e-001 -1.2176839e+000
  3.5329813e-001 -1.2525817e+000
  1.2901844e+000 -5.1178642e-001
  7.7936089e-001  1.0314286e+000
 -2.8194161e-002 -1.1667191e+000
  1.3451123e+000  2.9330011e-001
  1.0474141e+000  2.2559537e-001
 -1.3021136e+000 -4.7991247e-001
  4.1066650e-001  1.0560684e+000
 -1.0143150e+000 -4.1588104e-001
 -1.1019501e+000  8.3100301e-001
  1.1965116e+000 -3.6638141e-001
  1.0923872e+000  6.2033355e-001
  1.0900716e+000  1.6431620e-001
  1.2449213e+000  4.0626755e-001
 -4.7193419e-001 -1.2303354e+000
 -6.0507830e-001  1.0488429e+000
 -5.2326802e-002 -1.3662155e+000
  3.6351247e-002 -1.2414251e+000
  1.3888893e+000 -1.3685818e-001
 -1.1026905e+000 -1.3228398e-001
  1.0615139e+000 -7.5221267e-002
 -1.2568754e+000  4.1250705e-001
 -1.3109726e-001  1.0655966e+000
 -3.8157882e-001 -1.2873415e+000
  1.1721382e+000 -2.4219047e-001
  1.0978364e-001 -1.3865828e+000
 -1.6660946e-002 -1.1067457e+000
 -6.5044434e-001  1.0461663e+000
 -8.2416380e-001  1.1053374e+000
  1.2487234e+000 -6.2972542e-001
  1.1642155e+000 -3.5045293e-001
 -1.2794118e-003 -1.4012994e+000
  8.6868130e-001  1.1003715e+000
 -1.0658065e+000 -5.8802653e-001
 -7.6377785e-001  1.0477494e+000
 -1.2585901e+000 -4.4339248e-001
  1.2346431e+000 -3.2766597e-001
  1.2093824e+000  5.7257941e-001
  1.0005142e+000  8.4081985e-001
 -1.1426080e+000  4.3620705e-001
 -1.1823594e+000 -3.6463190e-002
  1.3655355e+000 -3.6587860e-001
 -1.0512542e-001 -1.1082908e+000
  1.2080580e+000  4.1820565e-001
  3.9388951e-001 -1.0287428e+000
  1.0916219e+000  5.6681442e-001
 -6.4578983e-001  1.1500331e+000
  1.0620546e+000  1.6617590e-001
  1.0907455e+000 -3.6096014e-001
 -1.0021337e-001  1.1375020e+000
  1.1227992e+000  7.0411866e-001
  6.0320707e-001  1.0217649e+000
  1.0564690e+000 -6.8663868e-001
 -1.0584525e+000 -6.2893656e-002
 -8.6238656e-001 -1.0708702e+000
 -1.0663689e+000  3.6369183e-002
 -1.0869723e+000  1.9769549e-002
 -1.6270525e-002 -1.3361359e+000
 -4.4667202e-001  1.0908162e+000
  1.0618513e+000  4.3145365e-001
  1.2803545e+000 -1.8187228e-001
  1.0095461e+000  6.9122692e-001
  1.0161337e+000  8.0074311e-001
  1.9231307e-001 -1.3393234e+000
  1.2887773e+000  2.3895061e-001
 -2.6050782e-001 -1.3379498e+000
  1.1611511e+000  5.9469288e-001
 -1.0293090e+000  6.2131215e-001
 -2.0045101e-001 -1.1623071e+000
 -1.2450828e+000 -1.3805620e-001
  1.2312766e+000 -3.0663084e-001
 -1.2415738e+000  4.4605440e-001
  1.0952462e+000 -2.8454473e-001
  1.1005779e+000  9.1668551e-002
  1.3600840e-001 -1.3666519e+000
  1.2274657e+000  7.2236552e-002
 -1.1620495e+000 -1.9666512e-001
 -9.3157301e-002  1.1400569e+000
 -8.9417592e-001 -1.0188612e+000
  1.2481066e+000  6.5116332e-001
 -3.3582165e-001 -1.1077352e+000
 -2.5096951e-001  1.0454622e+000
 -3.5331399e-001  1.3278172e+000
 -1.1238155e+000 -6.4756176e-001
 -1.1175418e+000  8.3215735e-001
 -7.1340395e-001 -1.2005499e+000
 -1.1007550e+000  6.2299507e-002
  1.1139039e+000 -5.2286433e-001
 -1.0177154e+000 -5.5552084e-001
 -1.2724726e+000  4.5797103e-001
  1.1271864e+000 -3.4736403e-001
 -4.8574483e-001  1.0667868e+000
 -1.1190881e+000 -5.9233948e-002
 -4.6022383e-002 -1.3662142e+000
 -1.7240370e-002  1.3579059e+000
  1.1218250e+000 -7.3933631e-001
 -2.0061928e-001 -1.0521794e+000
 -1.3831280e+000 -3.4867635e-002
  8.2153223e-001 -1.0976732e+000
  1.2296138e+000 -1.1174970e-001
  3.8011650e-001  1.2419216e+000
  1.0377951e+000 -6.2610996e-001
  3.2968326e-001 -1.0177227e+000
 -4.5867232e-001  1.1423222e+000
  1.1237644e+000  3.3807185e-001
 -3.4506343e-001  1.3033294e+000
  3.1178786e-001  1.3121143e+000
  3.5389303e-001 -1.3386120e+000
 -7.9840108e-001 -1.0065345e+000
  1.1393949e+000  1.2352119e-001
 -1.3513771e+000  2.6873975e-001
  1.3480231e+000  1.6408205e-001
  1.0352551e+000  8.6994487e-001
  1.2675086e+000 -1.3989744e-001
 -4.9376020e-001  1.0917917e+000
 -1.3449193e+000 -1.9645128e-001
  1.1244282e+000  2.0365913e-001
  3.0915498e-001  1.2160649e+000
  4.1193722e-001  1.0365770e+000
 -1.0190234e+000  5.6085553e-001
  1.3207948e+000  2.8726111e-001
  1.3761350e+000  2.0162532e-001
 -1.9372400e-001  1.0864093e+000
  6.4858060e-001 -1.0017511e+000
 -1.1833764e+000  6.8785430e-001
  1.1647886e+000 -1.0157732e-001
  1.0467812e+000 -6.3009630e-001
  1.0010437e+000 -7.0513859e-002
  1.0744538e+000  7.3104726e-001
 -1.0790965e+000  4.8168952e-001
  6.5522854e-001  1.1674083e+000
  1.1502800e+000 -7.6477078e-001
 -1.1456590e+000  5.9302784e-002
  1.2470690e+000  7.2272184e-002
  1.1895243e+000  4.0702191e-001
 -4.8684238e-001 -1.1032326e+000
  1.0307449e+000 -6.5052794e-001
  1.2386033e+000 -7.9117558e-002
 -1.0730524e+000  3.2796935e-001
 -4.9174258e-001 -1.0749241e+000
  8.5899450e-002 -1.1755962e+000
  7.9012882e-001  1.0028117e+000
  1.2351366e+000  2.2206887e-001
 -9.2841577e-002 -1.1781371e+000
 -1.1168181e+000  4.5498876e-001
  1.0980114e-001  1.0326431e+000
 -3.3782866e-001 -1.3253043e+000
  1.1896210e+000  2.1428539e-003
 -1.1650534e+000 -2.9523872e-001
 -3.5070537e-001  1.0190098e+000
 -1.0727325e+000  8.7371311e-001
 -1.2717715e+000  5.4855537e-001
  1.2177891e+000 -1.0600919e-001
  1.0581436e+000  1.7297276e-001
 -9.8824835e-002  1.2651209e+000
  1.0797616e+000  5.8891412e-001
  1.0813176e+000 -3.1904479e-001
 -1.2640892e+000  6.1275037e-002
 -6.4305956e-001 -1.0875192e+000
 -1.1947027e+000 -3.9985977e-001
  1.0327573e+000  2.2505409e-001
 -2.2258194e-001  1.0030592e+000
 -3.8838634e-001 -1.3493947e+000
  3.7460916e-002  1.1671179e+000
 -4.7125283e-001 -1.1258547e+000
  1.8433847e-001 -1.2487234e+000
  1.1950103e+000 -1.1622822e-001
  3.3760076e-001 -1.0304526e+000
  4.3912536e-001 -1.3244208e+000
 -2.1303276e-001 -1.1347215e+000
  1.0310154e+000 -7.2063822e-001
  6.0936578e-001 -1.0611288e+000
 -1.0845907e-001 -1.3643552e+000
  4.0097670e-001 -1.2434389e+000
 -8.0878532e-003 -1.2886977e+000
 -1.0686228e+000  5.1830429e-001
  2.5260843e-001 -1.1121763e+000
 -1.3057966e+000  5.2042584e-001
  1.3124374e+000 -3.3326202e-001
 -5.4457746e-001  1.0071367e+000
 -1.0024211e+000  4.9249565e-002
  4.3899912e-001  1.2411805e+000
 -1.1328564e+000 -5.4363398e-001
  1.0083518e+000 -7.7037513e-001
  1.1016955e+000 -7.4087403e-003
 -8.0871305e-001 -1.1168243e+000
  1.3536438e+000  8.6150808e-002
  1.1162915e+000 -3.7537794e-001
  1.0956872e+000 -8.2161270e-001
 -3.7263387e-001 -1.1369508e+000
  4.5975730e-001 -1.0177492e+000
 -1.1974035e+000  5.8708212e-001
 -5.9234166e-001  1.0530189e+000
 -1.0619457e+000 -8.6919578e-001
  6.1414209e-001  1.1239454e+000
 -5.7278098e-001 -1.1634087e+000
 -4.7381041e-001  1.3228824e+000
 -8.2741565e-001  1.0758192e+000
 -1.2087813e+000 -3.0737891e-001
 -1.0306379e+000 -9.4170826e-001
 -6.5832367e-001 -1.0467149e+000
  4.5270655e-001 -1.1579714e+000
  1.0450095e+000 -2.9617098e-001
 -1.0592598e+000  4.4951530e-002
  5.9374159e-001 -1.1807709e+000
 -1.6622260e-001  1.3073000e+000
  1.3401837e+000 -2.0079608e-001
 -2.1785825e-001 -1.1465278e+000
  1.0708719e+000  2.6364555e-001
 -1.0257822e+000  1.7067086e-001
  1.3333965e+000 -1.1681391e-001
 -6.8542380e-001  1.1040646e+000
  1.2905801e+000 -4.4706586e-001
 -1.1165726e+000 -2.9595332e-001
 -4.8034979e-001  1.1547314e+000
  1.2665343e-001 -1.4056250e+000
 -3.8153264e-001  1.0302977e+000
 -3.2209612e-001  1.1242718e+000
  4.3554128e-001  1.0556368e+000
 -1.0498750e+000 -9.3473832e-001
  1.0611292e+000 -9.4363509e-002
  2.1003205e-001 -1.0851706e+000
 -4.6342087e-001 -1.1100105e+000
  6.1530970e-001 -1.2254774e+000
 -8.6667039e-001 -1.0447963e+000
  1.1272190e+000  2.5310385e-001
 -8.3529412e-001 -1.0211948e+000
  1.0723465e+000  6.4826641e-001
 -1.0036821e+000 -8.9038820e-001
  6.4763064e-004 -1.0879686e+000
  1.1424495e-001  1.3582038e+000
  1.3590696e+000 -2.3525868e-001
 -1.3699407e-001  1.0238321e+000
  5.0217338e-001  1.0511663e+000
  9.0243965e-002 -1.1562296e+000
  7.0750273e-001 -1.1256471e+000
  1.0418344e+000  8.6775472e-001
  1.1584734e+000 -4.4927383e-001
 -8.2784655e-001  1.1364280e+000
  5.1844943e-001  1.0960662e+000
  1.3296610e+000  4.1458942e-001
  1.0243852e+000 -7.4183571e-001
  1.0258708e+000 -8.7598034e-001
 -2.1926166e-001  1.1941523e+000
  1.1556792e+000 -6.6763489e-001
  1.0076287e+000 -3.6290949e-001
  1.0358692e+000 -5.1909374e-002
 -4.1600106e-001  1.3047992e+000
  3.1320024e-001  1.0707131e+000
  1.3109817e+000  1.0029512e-001
 -1.1497851e+000  5.3505462e-002
  1.1602806e+000  2.2282783e-001
  7.4972022e-001  1.0789218e+000
 -1.3366607e+000 -9.0957443e-002
 -2.5625331e-001  1.1250163e+000
  1.5077134e-001 -1.1777644e+000
  4.9143178e-002  1.2751038e+000
 -7.1198585e-001  1.0971544e+000
 -1.2674044e+000  4.6376370e-001
  1.2633042e+000  1.7401301e-001
  3.9893458e-001 -1.0715302e+000
 -4.0204108e-001  1.2004058e+000
 -1.3894155e+000 -1.5580177e-001
 -1.1981799e+000 -4.8449590e-001
  1.2736427e+000 -5.4238431e-001
 -4.7994865e-001  1.0233526e+000
  1.8642884e-001 -1.0911061e+000
 -3.1440644e-001 -1.0728978e+000
 -1.2432958e+000  5.9243602e-001
  1.0906974e-001  1.2475558e+000
 -1.0684685e+000  6.1871256e-001
