 -1.3584042e+000 -9.4835313e-002
  3.9029872e-001  1.3455199e+000
 -1.4888333e-001  1.1852587e+000
 -3.0647004e-001  1.2020729e+000
  1.2257857e+000  9.4978617e-002
 -5.1827378e-001 -1.1921669e+000
 -5.1515543e-001  1.0906350e+000
 -1.0990317e+000 -3.3773670e-002
  1.8992701e-001 -1.1658405e+000
  1.0908717e+000 -3.2353107e-001
  1.1907144e+000 -5.5031268e-001
 -1.0531674e+000  5.0766162e-001
 -1.1648030e+000  2.4890733e-001
  1.5181921e-002 -1.0727881e+000
 -1.1636557e+000  3.1960851e-001
  1.2737818e+000  3.6359898e-001
 -1.3886162e+000  2.4694168e-002
  1.0007752e+000 -2.3109841e-001
  2.3831759e-001 -1.0582891e+000
 -1.1266672e+000  8.0498115e-002
 -1.1945639e+000 -1.6811838e-001
  3.8250145e-001  1.1449741e+000
  1.0915774e+000  1.0484733e-001
  4.7970859e-001 -1.1790644e+000
 -1.0389187e+000 -8.7257314e-001
  1.1587371e+000  2.3195312e-001
  1.1386993e+000 -4.3784501e-001
  4.9858705e-001 -1.0038015e+000
  1.2680183e+000  3.5447975e-001
  1.1953538e+000  3.5386319e-001
  7.8247393e-001  1.0293947e+000
  8.9770485e-001  1.0309728e+000
  1.1397945e+000  6.5106919e-002
  7.9463126e-001  1.0031390e+000
  1.0082400e+000 -4.1966844e-001
  1.4866053e-001 -1.0209889e+000
 -6.4521448e-001 -1.2040861e+000
  1.1870565e+000 -5.4498792e-002
  1.3212739e+000 -7.3286617e-002
  1.1597889e+000 -3.0476221e-001
  1.0362834e+000  9.0287226e-001
 -3.5403470e-001  1.2568859e+000
 -1.3909900e+000  2.0207019e-001
  7.1595834e-001 -1.0155104e+000
 -1.0180047e+000 -2.0200585e-001
 -2.8708240e-001  1.0210949e+000
  1.0778593e+000  1.1068441e-001
  1.5272844e-001  1.2646710e+000
  4.9404003e-001 -1.1852446e+000
 -3.8566517e-001  1.2674322e+000
 -1.1418810e+000  1.2493532e-001
 -1.2758483e+000 -2.3209074e-001
  1.1295638e+000 -3.2199259e-001
  1.0497264e+000  1.6046530e-001
  7.6619322e-002 -1.1011703e+000
 -1.0882467e+000  3.5856162e-001
  1.2390545e+000 -6.2994033e-002
  1.0408636e+000 -2.4091487e-001
 -1.0767179e+000  6.5871925e-001
  1.2278811e+000  2.8794514e-001
  8.2905192e-002  1.2993248e+000
 -2.0148681e-001 -1.1044465e+000
  1.0909705e+000  8.7045243e-001
  1.3112120e+000  2.2822672e-001
  6.0741186e-001 -1.0837009e+000
 -1.1560839e+000 -7.3795126e-001
  7.7980444e-001 -1.0285842e+000
 -2.0899182e-001  1.2995181e+000
  1.1302521e+000 -5.8652449e-001
 -1.3148290e+000  4.3903018e-001
 -1.0560076e+000 -5.8045107e-001
  1.0177902e+000  9.2032942e-001
 -1.1007047e+000 -4.7134060e-001
 -1.0156921e+000 -9.2701139e-001
 -1.0139119e+000  6.1829250e-001
  1.2595264e+000  2.7274152e-001
  2.4204242e-001  1.1940427e+000
  1.0675383e+000  6.0927630e-002
 -6.6414459e-001 -1.1628746e+000
 -1.1352131e+000 -6.4630213e-001
  1.0667627e+000  4.9906902e-001
 -5.0937490e-001 -1.2228856e+000
  1.7710689e-001 -1.1884139e+000
  6.9786423e-001 -1.0737007e+000
  1.3431659e+000  9.2085910e-002
 -7.0303024e-001 -1.2114038e+000
  2.4518738e-001 -1.0824717e+000
 -2.4371332e-001  1.3334747e+000
 -3.4479638e-001 -1.0920694e+000
 -3.9792744e-001 -1.3353420e+000
 -1.1687206e+000  9.2427115e-002
  1.8768008e-001 -1.0565216e+000
  1.3435051e+000  2.0839936e-001
  5.1055911e-001  1.3138590e+000
 -4.7356272e-001 -1.1750242e+000
 -1.0388109e+000  9.5232097e-001
 -5.1970334e-001 -1.2990244e+000
 -2.0399760e-001  1.0518570e+000
 -1.1193916e+000 -4.1612987e-001
 -8.1592321e-001 -1.0258458e+000
  1.1667193e+000  6.8762636e-001
 -5.5105990e-001 -1.1512539e+000
 -7.1061238e-001  1.1865051e+000
  3.0413748e-001  1.1583581e+000
  1.1150449e+000 -1.5184133e-001
  1.0812407e+000  8.4937148e-001
 -7.5567588e-001 -1.1854837e+000
  1.5069627e-001  1.3070163e+000
 -1.0851155e+000 -6.3141396e-001
 -1.2103616e+000  9.1288576e-002
  1.0941917e+000  1.3097233e-001
  1.3302483e+000  2.6331290e-001
 -1.4589269e-001 -1.1732265e+000
  6.5839561e-001 -1.0713867e+000
  5.1949123e-001  1.1662894e+000
 -5.9768302e-001 -1.0484775e+000
 -1.8706692e-001  1.0977441e+000
 -1.0483397e+000 -3.7049320e-002
 -1.3155420e+000  8.6455199e-002
  2.7958790e-001  1.0540510e+000
 -4.4871797e-001 -1.1726336e+000
 -1.2699007e+000 -1.0087016e-002
 -1.2851605e+000  3.8661731e-001
 -1.0571312e+000 -4.3869285e-001
 -1.3705583e+000  2.3472248e-001
 -1.0988196e+000  2.5205228e-001
  2.7833737e-002 -1.0510208e+000
  2.1794341e-001  1.1684282e+000
  1.0751569e+000  2.0959265e-001
  1.2736461e+000  4.7066593e-001
  9.4366580e-002  1.3564654e+000
  4.3321083e-001 -1.0831509e+000
  1.0030282e+000 -6.4755449e-002
 -3.2925767e-001  1.3622565e+000
  1.1797804e+000 -4.4288380e-001
 -2.7000007e-001 -1.0877255e+000
 -1.0029805e+000 -6.8555643e-001
 -6.6482282e-001  1.2253392e+000
  6.7184591e-001 -1.2295047e+000
  1.2180468e+000 -4.9707737e-001
 -8.2954596e-002  1.3701740e+000
 -1.2383591e+000 -1.1344939e-001
 -1.1076639e+000  5.8390334e-001
  3.0301522e-001 -1.2588260e+000
  3.1691166e-001 -1.3485554e+000
  2.7703754e-001  1.1359725e+000
  5.4579921e-001  1.0022155e+000
  1.1180425e+000  2.3804335e-001
  4.0545686e-001 -1.1167099e+000
  1.4415859e-001  1.1636460e+000
 -1.0067458e+000 -5.3804240e-001
 -8.4506634e-001  1.0412249e+000
  1.5038106e-001 -1.0592746e+000
  1.0589395e+000 -8.7422734e-001
 -1.2614368e+000  2.4100011e-001
  5.3861240e-001  1.1479333e+000
  1.3514989e+000 -8.0237201e-002
  6.6332939e-001  1.1042618e+000
 -1.1497041e+000  8.0416406e-001
 -4.5533150e-001 -1.0997257e+000
  1.1572553e+000 -3.1928746e-001
  1.9834805e-002 -1.3427611e+000
  1.2148540e+000 -4.9284026e-001
  1.2169542e+000 -3.6457973e-001
  7.7617994e-002 -1.3956086e+000
  6.2620334e-001  1.0572338e+000
  1.2542997e+000  3.0039678e-001
  1.1734375e+000 -6.2763510e-001
 -3.7765305e-001 -1.2851301e+000
  1.1746235e+000 -6.2132984e-001
 -1.2904988e+000 -3.1742214e-001
 -2.3605224e-001 -1.0780577e+000
  4.4523634e-001 -1.1393957e+000
 -1.6211797e-001 -1.3908041e+000
 -3.9581009e-001  1.2553410e+000
  1.2866072e+000 -2.7075314e-001
  3.8090270e-001 -1.0450773e+000
 -1.6602976e-002  1.3294406e+000
 -3.1027823e-002  1.4028981e+000
 -3.7685534e-002 -1.0086372e+000
  1.0839067e+000  7.6826604e-001
  6.2905960e-001 -1.0828498e+000
 -2.6552362e-001  1.1508144e+000
  1.1561746e+000  2.4504414e-001
 -7.0829572e-001  1.0647263e+000
 -1.3154851e+000  4.4158718e-001
 -1.3435441e+000  1.8746810e-002
  1.1181604e+000 -4.2067992e-001
  1.0511530e+000  1.9035922e-001
  3.0845761e-001 -1.3318521e+000
  4.0845129e-001  1.0095945e+000
  1.2683703e+000  3.5425927e-001
 -1.2962541e+000 -3.8067584e-001
  5.9866008e-001  1.1527037e+000
 -1.2633972e+000  3.6439027e-001
 -2.9897406e-002 -1.4128686e+000
  1.1271361e-001 -1.1125167e+000
  1.2913962e+000  1.2664207e-002
 -6.4114402e-001 -1.2243373e+000
  1.0068339e+000  2.5835398e-002
 -8.6204392e-001 -1.0405071e+000
 -1.0620008e+000  6.0698378e-001
 -5.0119427e-001  1.1674145e+000
  4.0519378e-001  1.1828312e+000
 -1.3734085e+000  2.3427109e-001
  4.2339466e-001 -1.0654256e+000
 -5.5796498e-001 -1.2748976e+000
  1.2557028e+000 -4.3683462e-001
  1.0241868e+000 -6.2722864e-001
  1.0986975e+000 -2.9572897e-001
  6.7105296e-001 -1.1471853e+000
  4.2698091e-001  1.3045500e+000
  1.1932698e+000 -3.4500061e-001
 -5.8879263e-001 -1.1829088e+000
 -1.0014748e+000  6.6958259e-001
  3.6606920e-002 -1.2564600e+000
 -6.2903747e-001  1.2263235e+000
  9.9825176e-002  1.0746378e+000
  1.1368892e+000 -2.2874434e-001
  1.3094839e+000  4.8079196e-001
 -4.0145763e-001  1.2129448e+000
 -1.2938526e+000  8.7017791e-002
  1.7290095e-001  1.0545136e+000
 -1.1606794e+000  7.1297408e-001
  2.0577392e-001  1.1410514e+000
  6.6695618e-001 -1.1545040e+000
 -1.2267423e+000 -4.7693553e-001
  2.6541615e-001  1.1172149e+000
  1.3315425e+000 -2.4030857e-002
 -7.5373081e-002  1.3521904e+000
  1.1664183e+000  4.0157745e-002
 -1.2246566e+000 -4.7195248e-001
  1.2587141e+000  5.3254210e-001
  2.1751739e-001 -1.1037758e+000
  2.6643547e-001  1.0066455e+000
 -2.9582547e-001  1.0244712e+000
 -1.1943796e+000 -1.9551688e-001
  5.6151813e-001 -1.2579004e+000
  1.4191558e-001 -1.1563967e+000
  1.2148319e+000 -2.4325589e-001
  1.6473507e-001 -1.2069403e+000
 -1.3336657e+000 -4.8151893e-002
  6.3542661e-002  1.3023449e+000
 -2.2046362e-002  1.2881055e+000
  1.3662598e+000 -2.1040676e-001
  1.0369754e+000 -6.8988543e-001
  1.2035605e+000 -1.6356616e-001
 -1.1461574e+000  6.3112633e-001
  6.6624295e-001 -1.1027310e+000
 -7.6978345e-001 -1.1784850e+000
 -1.1951991e+000 -6.8654574e-001
 -1.3026281e+000  5.1040335e-001
  1.0122456e+000 -6.8239437e-001
 -1.0347316e+000  5.1185545e-001
 -5.7206570e-001 -1.1442093e+000
  7.0523269e-001 -1.0769550e+000
 -1.2511034e+000  4.7614585e-001
 -2.4372690e-001  1.3306489e+000
 -2.8566573e-001  1.0854122e+000
 -1.7913267e-001 -1.1254976e+000
 -1.5694318e-001 -1.2113623e+000
 -1.0211082e+000 -2.9908403e-001
 -1.0820853e+000 -5.7849388e-001
 -1.0368320e+000  4.4891061e-001
  1.1879084e+000 -2.6523005e-001
 -1.0881519e-002 -1.1083034e+000
  1.5518652e-001 -1.2795105e+000
 -1.3256906e+000 -4.4905417e-001
 -1.2695927e+000  3.0157763e-002
  7.4582707e-001 -1.1833681e+000
 -1.2739862e+000  3.9314129e-001
 -1.1300988e+000  7.2406531e-001
  1.1320729e+000 -1.5758011e-001
  4.6182783e-001  1.2766679e+000
 -1.1067440e+000 -4.5699985e-001
 -7.4431455e-001 -1.1251707e+000
  1.0362672e+000  8.7424945e-001
  4.3792612e-001 -1.1176956e+000
 -1.0609800e+000  3.2374927e-001
  8.4894078e-001 -1.1284720e+000
 -1.0492947e+000 -1.5159260e-001
  1.2332034e+000  5.8754866e-001
  1.2041136e+000  3.3882455e-002
 -3.2416665e-001  1.2218395e+000
 -5.7950525e-001  1.2064644e+000
  1.0983393e+000  2.5975203e-001
  1.3119822e+000 -2.4072268e-001
 -7.3958205e-001 -1.1118175e+000
 -1.2045335e+000 -5.5292416e-001
 -4.8834943e-001  1.2491656e+000
 -3.2085843e-001  1.2216391e+000
 -1.1213344e+000 -8.0415383e-001
  1.0362798e+000  1.6659970e-001
 -3.1868605e-001 -1.3336905e+000
  1.1128498e+000  4.7416270e-001
 -1.1709254e+000 -2.4153966e-001
 -1.0480674e+000  6.0977449e-001
  4.7087056e-002  1.0871623e+000
 -1.2117808e+000 -4.2672136e-001
 -5.1962187e-001 -1.1130622e+000
  1.2109350e+000 -1.2038592e-001
  2.5612083e-001  1.0813867e+000
 -1.2939268e+000  4.1997013e-001
  4.1198153e-001  1.2602025e+000
 -1.4702072e-001 -1.3931654e+000
  1.4011689e+000  9.7902491e-002
 -1.1378646e+000  6.4168239e-002
  1.0375451e+000 -8.2502121e-001
  1.0009480e+000  7.2579663e-001
 -1.2567002e+000  1.3158347e-001
 -1.0641160e+000  3.8284845e-001
  1.6325421e-001  1.3458659e+000
 -1.0629604e+000  1.7357089e-001
  1.1749208e+000  4.7991359e-001
  1.2241352e+000 -2.6161568e-001
  4.9623511e-001  1.0590468e+000
  1.0559160e+000  8.4887155e-001
  1.3635493e+000 -2.1054149e-001
  1.2370853e+000  4.2282984e-002
  2.2644354e-001 -1.3606613e+000
  1.1521648e-001  1.0484818e+000
  1.1145679e+000  6.3701453e-001
 -1.2448291e+000  4.8706278e-001
  2.3518689e-001 -1.3751596e+000
  1.0200696e+000  7.1643018e-001
 -1.3419257e+000 -3.1822931e-001
 -1.1835648e+000  6.8377051e-001
 -6.2629924e-001 -1.1331862e+000
 -1.0465397e+000  6.8372038e-002
  1.0039710e+000  9.6936472e-002
 -1.0706184e+000 -4.5164988e-001
  5.4523353e-002  1.3632574e+000
  1.0528953e-001  1.0947257e+000
  1.0050455e+000  5.2187432e-001
  6.9012695e-002  1.0009861e+000
  2.7252455e-001 -1.1870106e+000
 -1.0764454e+000 -3.5702147e-001
  1.3784744e+000 -1.3540668e-001
  1.0712835e+000 -3.0237248e-001
 -1.4276962e-001  1.2838009e+000
 -4.6888510e-001 -1.1012519e+000
  1.2911033e+000 -1.4707329e-001
  1.1827723e+000  3.1733382e-001
 -1.0420729e-001 -1.0387713e+000
  1.1490635e+000 -6.6953416e-001
  1.2636005e+000  1.9977283e-002
 -1.0825144e+000  2.4199459e-001
 -8.5242426e-001  1.1159007e+000
 -6.5333353e-001 -1.1154223e+000
  1.1150804e+000 -5.3083839e-001
  1.0728192e+000  6.2934095e-001
 -4.2321744e-001 -1.0112477e+000
  1.1124163e+000 -8.2113389e-001
  1.0510101e+000  9.6193908e-002
 -3.3362908e-001  1.2496122e+000
 -5.3577238e-001 -1.0056725e+000
  1.0377126e+000  4.5549005e-001
  3.1361725e-001  1.0307981e+000
 -7.0082082e-001  1.1437934e+000
  7.1205205e-001  1.0696198e+000
  7.3886671e-001  1.0506490e+000
 -8.2240746e-001 -1.1152210e+000
  1.4057511e-001 -1.0266539e+000
 -2.5354326e-001 -1.0818879e+000
 -3.2719458e-001 -1.3414691e+000
 -1.0049824e+000 -1.2925745e-002
  3.1410452e-001 -1.2228802e+000
  2.4646728e-001 -1.1938661e+000
  7.7443951e-001  1.1698924e+000
 -1.2268889e+000  4.8591080e-001
 -5.6038199e-001  1.1879983e+000
  8.3271996e-001  1.0383732e+000
  3.1706598e-001  1.2861496e+000
 -9.0945966e-002  1.1743951e+000
  1.1699484e+000 -1.0109696e-001
  1.1863096e+000  6.1709908e-001
 -8.4028688e-001 -1.1016981e+000
  3.6702798e-001  1.2876166e+000
  7.7664766e-002  1.0470014e+000
  1.1973603e+000 -1.4481259e-001
 -1.1239511e+000 -3.4108649e-001
 -8.5758261e-002  1.0944273e+000
 -1.3794410e-004  1.2369112e+000
 -1.2513636e+000 -5.7789112e-001
  4.2170344e-001  1.1144033e+000
  1.2664930e+000 -3.4824574e-001
 -4.9626298e-001  1.0635480e+000
 -4.4942740e-001 -1.3323714e+000
 -1.0345094e+000 -8.5823611e-001
  6.6327934e-002  1.2037774e+000
  1.1371054e+000 -5.1594837e-001
  2.3317153e-001 -1.1911745e+000
 -1.1681391e+000  2.4528968e-001
  5.6581683e-001  1.1783332e+000
  1.3842151e+000  2.0939006e-001
 -1.1770898e+000 -5.9082419e-001
  1.2011975e+000 -4.1716395e-001
 -8.7578308e-001  1.0196992e+000
  5.6133842e-001  1.1270760e+000
  4.0889338e-001  1.0380562e+000
 -1.2357251e+000 -3.5711051e-001
  8.8886122e-001  1.0578620e+000
 -6.5246279e-001 -1.0542799e+000
 -1.1439963e+000  6.1950022e-001
  2.1209802e-001  1.0048291e+000
  3.4648559e-002 -1.1582361e+000
 -5.5333487e-001 -1.1535313e+000
  1.1601368e+000 -3.8966547e-001
  2.9073694e-001 -1.0004572e+000
  1.0353688e+000  9.5504818e-001
 -1.1218205e+000 -7.5349026e-001
 -2.1653420e-001 -1.1373004e+000
  1.3833458e+000 -1.7089345e-001
  1.3109746e+000  2.6847727e-001
  1.0722596e+000  4.1546478e-002
  1.0418718e+000  5.9023736e-001
  1.3302900e+000 -2.4344261e-001
  1.1170689e+000 -4.2662161e-001
  1.1381182e+000  8.2972473e-001
  5.7234354e-001  1.0533922e+000
 -1.1692523e+000  1.7758840e-001
 -7.2655339e-001  1.0883156e+000
 -5.6529486e-001  1.0627060e+000
  1.2236425e+000  4.7821674e-001
  1.5370424e-001 -1.1002703e+000
 -2.1012415e-001 -1.0235527e+000
  1.1293087e+000  7.2461417e-001
 -1.0455756e+000 -1.7395999e-001
 -7.8084885e-001  1.1699378e+000
  1.0167544e+000  5.8645892e-001
 -1.2884017e+000  4.3010324e-001
  4.3607690e-001 -1.0829695e+000
 -6.0197460e-002  1.3041625e+000
 -2.6000629e-001 -1.2226886e+000
 -1.1156494e+000 -7.1287388e-001
 -6.0370519e-001  1.1518893e+000
  1.2842552e+000  3.6892506e-001
  9.2044397e-002  1.2698974e+000
 -8.6948119e-001 -1.0219175e+000
  1.0812762e+000  7.7484450e-001
 -1.0810280e+000  5.1825897e-001
  1.2843908e+000  2.2322099e-001
 -3.5451256e-001 -1.2559185e+000
 -1.3408569e+000  3.2201115e-001
  5.0397248e-001  1.2900522e+000
 -1.1918376e+000  2.3849483e-001
 -2.6505117e-001 -1.1642615e+000
  1.3693143e+000 -1.0544833e-001
  1.2316173e+000  4.9897041e-002
  1.4464575e-001  1.0458048e+000
 -1.0326671e+000 -1.7843649e-001
 -1.3634166e+000  7.6538234e-003
  1.0377196e+000  8.5833232e-002
  2.6398867e-001  1.3702902e+000
 -1.0758668e+000  3.6450239e-001
 -1.0670463e+000 -8.4416561e-001
 -1.1220041e+000 -7.2642180e-002
  1.0378667e+000 -4.2925524e-001
 -1.1562415e+000 -1.2766756e-002
 -6.9040719e-002  1.3201984e+000
 -1.1211014e+000 -6.5456579e-001
  1.2767508e+000  5.9625343e-001
  2.9748205e-001  1.3452508e+000
  1.0318336e+000 -3.4197482e-001
  1.2348534e+000 -1.9838703e-001
 -1.2275243e+000  4.2103573e-001
 -1.1664563e+000  1.1520295e-001
  1.0060529e+000  6.3386259e-001
  8.2594540e-001 -1.0412602e+000
 -1.2158062e+000  3.7229599e-001
  3.0255853e-001 -1.1576743e+000
  1.3556864e+000  1.5314891e-001
 -1.1443762e+000 -3.4698912e-001
 -1.2736172e+000 -5.2003467e-001
  1.2582787e+000 -3.0545618e-001
  9.4263990e-001 -1.0117487e+000
 -1.5539625e-002 -1.2338611e+000
 -3.8203127e-001  1.0265479e+000
  1.2961371e+000 -2.1552317e-001
  1.0626283e+000  6.9327926e-001
 -1.1761003e+000  1.9097373e-003
 -1.1383715e+000 -5.8886335e-001
 -9.3922447e-002  1.0650325e+000
  5.7932949e-001  1.2675890e+000
 -5.1646183e-001  1.0127283e+000
  1.3977543e-001 -1.1902411e+000
 -1.0356801e+000  2.2925026e-001
  4.4473516e-001  1.3273274e+000
 -3.6663007e-001  1.0816804e+000
  5.3883411e-001  1.0729700e+000
 -4.3044063e-001  1.1103663e+000
 -2.5410319e-001  1.2026428e+000
  5.8897649e-001  1.2604874e+000
 -6.6801489e-001 -1.0067587e+000
 -4.6872369e-002 -1.3345092e+000
 -2.1558602e-001 -1.1486345e+000
  2.3632769e-001  1.2222948e+000
  1.1224065e+000  6.6915963e-001
  1.3267268e+000 -6.9602927e-002
 -5.0367652e-001  1.2320600e+000
 -1.2549765e+000  4.4291344e-001
 -1.4807201e-001 -1.0594652e+000
 -6.8555048e-001  1.1282919e+000
  1.0729469e+000 -2.3020059e-001
 -1.0493999e+000 -2.9723291e-001
 -3.7513990e-001  1.0440015e+000
 -1.0381325e+000  1.4444435e-001
  1.1501977e+000 -1.0894465e-001
 -5.8508607e-001 -1.2377088e+000
  1.3172288e+000 -4.4607031e-001
  1.2330597e+000 -5.4938059e-001
  1.1850692e+000  5.9501309e-001
  1.0066042e+000  1.3689702e-001
 -1.0973917e+000  7.1434207e-001
  1.0126190e+000  2.5823449e-001
 -5.4997080e-001 -1.1799913e+000
 -5.4981531e-001  1.1109593e+000
  1.2314767e+000  4.8853793e-001
  1.7221846e-001  1.1707421e+000
 -1.2651541e+000 -3.0169970e-001
 -1.0215923e+000 -3.5341713e-001
 -1.7921005e-001  1.2949413e+000
 -1.1747244e+000  6.2854723e-001
 -1.0474567e+000  2.6448818e-001
 -1.0069934e+000  9.1243838e-001
  1.1322551e+000  6.4596987e-001
 -1.3266793e+000 -4.3416242e-001
  6.0343812e-001  1.1048318e+000
  2.6636441e-001  1.2568645e+000
 -1.1504683e+000  2.2745731e-001
 -1.3727407e+000  2.6251649e-001
 -3.7540990e-001 -1.3331431e+000
 -2.2103046e-001 -1.2145731e+000
 -1.0528146e+000  2.4709667e-001
  5.9098285e-001 -1.2039057e+000
  1.0365889e+000  9.0405831e-001
 -1.2886035e+000  5.0462668e-001
 -1.8041649e-001  1.3334427e+000
 -2.2118513e-001  1.3534095e+000
  4.1654027e-001  1.2200445e+000
 -8.5766311e-001 -1.0206553e+000
 -1.0087390e-001 -1.0682643e+000
  1.1758748e+000  2.1552111e-001
  1.1541748e+000 -4.8631939e-001
 -1.0351101e+000 -8.2914043e-001
 -1.1523308e+000  4.4227529e-001
  1.0016257e+000  3.5875845e-001
  1.3764441e+000  4.6706070e-002
  2.5133640e-001 -1.2133522e+000
  1.3295419e+000 -1.2163417e-001
 -1.0235098e+000  4.8006931e-001
 -4.6873045e-001 -1.1860151e+000
  9.0274015e-001  1.0013976e+000
  1.0740180e+000  1.0663144e-001
  1.2303803e+000  4.7221524e-001
 -6.5914154e-001  1.1934459e+000
 -2.9862751e-001 -1.3657995e+000
 -1.2054950e+000 -3.6303852e-001
  4.8634798e-001  1.0610164e+000
 -1.1962630e+000 -3.5915790e-002
  6.5915259e-001  1.0295326e+000
 -1.1001030e+000 -3.1672190e-003
 -1.2075192e+000  6.0482261e-003
 -1.2241361e+000 -5.2592040e-001
 -6.1752535e-001 -1.2300155e+000
  3.9967542e-002 -1.3909838e+000
 -1.0974027e+000 -8.4389426e-003
  4.4652373e-001 -1.2044484e+000
  9.8774622e-001 -1.0006271e+000
  1.4212269e-001 -1.3215708e+000
  5.1565031e-001 -1.1932414e+000
 -2.9629141e-001  1.0284518e+000
  9.0816108e-001  1.0266307e+000
 -6.5595298e-001 -1.0025014e+000
  5.9708727e-001  1.1968772e+000
  8.7625451e-005 -1.3983981e+000
 -3.0931642e-001 -1.0416619e+000
  1.9918100e-001  1.0988585e+000
  8.6632002e-002  1.2094554e+000
 -3.6567432e-001  1.2011322e+000
  1.3993436e+000 -1.6899125e-001
 -2.9725848e-001  1.2862485e+000
  4.0219753e-001  1.2101759e+000
 -7.8437911e-001 -1.1682720e+000
  1.2029758e+000 -6.8447520e-001
 -1.0713815e+000 -3.8959362e-001
  4.6746675e-001 -1.1635092e+000
  1.0049559e+000  5.6406684e-001
  1.2802781e-001 -1.1011681e+000
 -4.3586007e-001  1.1311694e+000
 -2.2394600e-001  1.1067590e+000
 -7.3106408e-001  1.0631268e+000
 -9.0566286e-001 -1.0493736e+000
  1.2954992e+000  2.8469760e-001
 -1.2009421e+000 -2.7744774e-001
  1.2935084e+000  1.4862729e-001
 -7.5757319e-001 -1.0481204e+000
  7.3140062e-001 -1.1435833e+000
 -1.2832306e+000 -4.1884597e-001
 -6.5486841e-001  1.2361924e+000
  4.5566514e-001 -1.0685510e+000
 -9.0806131e-001 -1.0418775e+000
 -1.0596647e+000  1.0398350e-001
  1.0450394e+000  7.8450518e-001
  8.6772945e-001 -1.0123953e+000
  1.2724887e+000 -5.1301271e-001
  5.2490616e-001  1.1928570e+000
 -1.3919540e+000  2.3029789e-002
  4.7320055e-001  1.0588154e+000
 -3.1237842e-001  1.2810460e+000
 -4.4221597e-001  1.0168535e+000
 -1.0533386e+000  2.1976339e-001
  3.1673974e-001 -1.1060021e+000
  3.6435838e-001 -1.3438900e+000
 -7.2949466e-001 -1.1154749e+000
 -1.2079527e-001 -1.1562780e+000
 -1.8185435e-001  1.1732864e+000
 -1.0753594e+000  3.6309593e-001
  1.7252657e-001  1.3216850e+000
 -1.1604287e+000  3.0704389e-001
 -1.0039270e+000 -2.6399265e-001
  1.2535683e+000  3.0548259e-001
  1.2705859e+000 -4.0242101e-001
  4.0325999e-001  1.3062264e+000
 -4.3319809e-002  1.3689068e+000
 -1.9715542e-001 -1.3203613e+000
  1.0233004e+000 -8.4323989e-001
  4.7513878e-001  1.2038560e+000
 -4.5666153e-001  1.2941972e+000
 -1.0324361e+000 -5.2336898e-001
 -9.9764379e-002  1.1648323e+000
  5.2317141e-001 -1.2511895e+000
 -8.3758452e-001  1.0238327e+000
  1.9619021e-001 -1.3322351e+000
  1.0654455e+000  8.1446994e-001
  4.0362458e-001 -1.0953557e+000
 -1.3378861e+000 -3.4700897e-001
 -5.2203563e-001  1.2449218e+000
  1.2291322e+000  6.5802314e-002
 -1.1612285e+000 -5.3519546e-001
 -3.4060238e-001  1.0636952e+000
  1.1261135e+000  3.9066611e-001
  8.6265347e-001  1.0347484e+000
 -1.2500257e+000 -1.1425732e-001
 -1.3643521e+000  3.5581079e-001
  1.2842523e+000  2.4456598e-001
 -1.0015551e+000  9.5901516e-001
  1.1768553e-001 -1.2773922e+000
  6.0685558e-001  1.2449346e+000
  7.6885399e-001  1.0371266e+000
 -9.1419525e-001  1.0311105e+000
  1.1048590e+000  1.7292428e-001
  1.3137357e+000  1.8232290e-001
  1.3159597e+000  2.6493777e-001
 -3.2108770e-001 -1.1236728e+000
 -1.0387686e+000 -5.9693041e-001
 -1.1073795e+000  6.6899315e-001
 -1.5117668e-001 -1.1821941e+000
 -7.8558010e-001 -1.0852619e+000
 -2.4682924e-001 -1.3575316e+000
  1.1669902e+000 -7.8928837e-001
  8.1722272e-001 -1.1401921e+000
 -1.3758641e+000 -8.5701669e-002
 -1.3866760e-001  1.2784267e+000
  1.0471637e+000  6.8229740e-001
 -2.0070055e-001  1.2440285e+000
 -3.4432082e-001  1.1730565e+000
  1.0742807e+000 -4.1764692e-001
  4.5371902e-001  1.0012481e+000
  3.4828309e-001  1.0217606e+000
  2.0107352e-001 -1.1768091e+000
 -1.0813026e+000 -1.4037070e-001
  1.1025060e+000 -8.5371474e-001
 -1.3379889e+000  1.9468397e-001
 -1.1289654e+000 -4.4295221e-001
 -2.4167977e-001 -1.1440457e+000
 -1.0457812e+000  2.9556501e-001
 -2.7803948e-001  1.1390047e+000
  3.7692334e-001 -1.0904115e+000
 -6.8306129e-001 -1.0242876e+000
  1.2353985e+000  5.5690844e-001
 -8.6010399e-001  1.0593512e+000
  6.9817315e-001 -1.1187087e+000
 -1.1683544e+000  5.9259296e-001
  1.2225977e+000 -5.2247061e-001
 -7.2385700e-001  1.0497025e+000
 -1.0224464e+000  3.3398585e-001
 -1.2264551e+000 -5.2962902e-001
  9.3851227e-001  1.0374677e+000
 -1.1089588e+000  4.1853872e-001
 -1.0507362e+000 -1.6608482e-001
  1.0650138e+000  8.2169004e-001
 -1.2990477e+000 -1.0195959e-001
 -1.4712921e-001 -1.3071366e+000
 -7.1546136e-001  1.0157435e+000
  1.3918804e+000  2.4768689e-001
 -2.0890443e-001 -1.0660015e+000
 -5.8337039e-001 -1.2673447e+000
 -5.0360472e-001 -1.0163099e+000
  7.0574771e-001  1.0359579e+000
  1.0911196e+000 -4.9725048e-001
 -2.8434118e-001  1.1517746e+000
  3.1864734e-001 -1.2689177e+000
 -1.4421126e-001 -1.3356898e+000
 -1.1115090e+000  5.1833223e-001
 -1.1346312e+000 -7.3962127e-001
 -3.8663030e-001 -1.2561003e+000
 -1.0491490e-001  1.3172559e+000
  1.0999792e+000  4.1085426e-001
 -1.1114080e+000  4.5576670e-001
 -1.0885057e+000  3.8995790e-001
  4.1036065e-001  1.3326447e+000
  7.2657744e-001 -1.0946458e+000
  1.0224978e+000  1.5149115e-001
 -5.2481698e-001 -1.0200665e+000
 -1.0683461e+000 -7.2137161e-001
 -1.2713261e+000  5.2261610e-001
 -1.3283036e+000 -3.9277140e-001
  1.0587286e+000 -3.8368411e-001
  4.5513613e-002  1.3543113e+000
 -1.2066108e+000 -1.0393796e-001
 -1.0309443e+000  7.9685090e-001
  7.1765079e-002  1.3221145e+000
 -4.8777746e-001 -1.3145758e+000
 -1.0643447e+000  7.4051740e-001
  1.0954155e+000 -7.4332731e-001
  1.1121894e+000  2.1680234e-001
 -1.1736444e+000 -5.9450375e-001
 -1.1490803e+000 -9.5561475e-002
  7.2900759e-002  1.3374241e+000
  3.3453089e-001  1.1163989e+000
 -1.1194563e+000  6.5077873e-001
  6.0797265e-001  1.1516016e+000
  1.1553956e+000 -2.1997171e-001
 -4.7673059e-002  1.2242191e+000
 -1.9272443e-001 -1.2909977e+000
  1.0999612e+000  1.0645758e-001
 -4.5259436e-001 -1.1248382e+000
  7.8545736e-001 -1.0595094e+000
  1.3452186e+000 -3.1328523e-001
  1.1289937e+000  7.6807175e-001
  1.3229506e+000 -2.4864762e-001
 -1.2473456e+000 -3.3982304e-001
  9.9722044e-002 -1.3780581e+000
  1.1651136e+000 -6.2834297e-001
  6.8143291e-001  1.0223601e+000
 -4.0898958e-001  1.1311792e+000
  1.3698665e+000 -2.5451047e-001
 -4.7028108e-001  1.0235236e+000
  8.5599219e-002 -1.0922161e+000
  1.1993043e+000 -3.8234771e-001
 -7.0165646e-001  1.1673618e+000
  1.0877586e+000 -5.7058358e-001
  1.3521977e+000 -1.6311978e-001
  1.0040987e+000 -5.7586280e-001
 -2.0386177e-001  1.0649024e+000
 -6.5296029e-002  1.0988468e+000
 -1.3715928e+000  7.2302492e-003
  1.0580705e+000  1.5591598e-002
  1.2315439e+000 -1.6139458e-001
 -1.1011987e+000  6.1634984e-001
 -8.2691472e-001 -1.0532741e+000
  1.0272928e+000 -9.6708306e-001
  1.2908270e+000 -2.4790333e-001
 -1.0768189e+000  3.0985964e-001
 -5.8255837e-001 -1.2235294e+000
 -1.1744184e+000  4.5622322e-001
  2.6505429e-001 -1.1818553e+000
 -5.9511729e-001  1.2465135e+000
 -1.0069384e+000 -6.1566294e-001
 -5.1740081e-001 -1.1165363e+000
  1.1608645e+000  4.9065750e-001
 -1.3339729e+000  1.5548412e-001
  3.9095208e-004  1.0343112e+000
  2.6372254e-001  1.3721392e+000
 -7.4134668e-001 -1.0236005e+000
 -3.7919053e-001  1.2612260e+000
  9.6451170e-001 -1.0100844e+000
  1.3286292e+000  1.8598882e-001
  1.7442194e-001 -1.0905762e+000
 -1.1679374e+000  3.7736933e-001
  5.5448798e-001 -1.1729297e+000
 -1.1775606e-001  1.0532592e+000
  3.5828332e-001 -1.1098342e+000
  3.0557639e-001 -1.1929364e+000
  1.0374080e+000  8.1406728e-001
  1.2869988e+000  3.8669024e-001
  6.6541256e-001  1.0436724e+000
 -1.0176048e+000 -5.4624755e-001
  1.2068228e+000  1.7200961e-001
  1.1081332e+000  3.0755644e-002
  1.3576279e-001  1.1933564e+000
 -3.2451375e-001 -1.2264457e+000
  1.1596643e+000  6.2524329e-001
 -3.6198056e-001  1.2120070e+000
 -1.0218569e+000 -5.4622180e-001
  1.0667202e+000  4.7207152e-001
 -1.2690890e+000 -1.6318142e-001
  1.0136971e+000 -5.3359869e-001
  2.1584391e-001  1.0080305e+000
 -2.5818721e-001  1.3273123e+000
 -8.5734832e-001 -1.0542631e+000
 -8.1340630e-001  1.1160822e+000
 -4.1371856e-001  1.0342188e+000
  3.6811727e-001 -1.0898693e+000
 -6.1032314e-001  1.1483636e+000
  1.1245736e+000  2.1895697e-001
  1.1336052e+000 -7.9722132e-002
 -3.7577298e-001  1.2748923e+000
 -1.0921885e+000 -8.1314094e-001
 -6.8110621e-001 -1.1543935e+000
  1.2027635e+000 -4.9736913e-002
 -1.3016977e+000  3.7676930e-001
  2.9988632e-001  1.3697383e+000
 -1.0773257e+000  7.6907311e-001
 -1.0470191e+000  5.9133122e-001
  1.1385621e+000  7.5797581e-001
 -1.2534458e-001  1.2992959e+000
 -1.0963226e+000  1.5509383e-001
 -5.3480793e-001  1.1452568e+000
  4.2089684e-001  1.2711125e+000
 -1.2177732e+000  6.5662835e-001
  6.6150871e-001  1.2110210e+000
  1.2796995e+000 -4.7659814e-001
 -7.2254160e-001  1.2155587e+000
 -1.2504047e+000  4.0691844e-001
 -3.3358366e-001 -1.2825305e+000
 -1.0199031e+000  6.8702953e-001
 -1.5367142e-001 -1.3288181e+000
  1.6368142e-001 -1.2480974e+000
 -1.3081510e+000 -3.1177014e-001
  1.0878686e+000 -7.7837086e-001
 -2.3431428e-002 -1.0003990e+000
 -2.7946862e-001 -1.0200373e+000
 -6.2494351e-002 -1.3177882e+000
 -1.1984973e+000  5.9295721e-001
  1.0645516e+000 -4.1643699e-001
 -6.0722780e-001 -1.1879559e+000
  4.5736957e-001  1.2692170e+000
 -1.0296514e+000 -1.7769731e-001
 -1.1084313e+000  6.7723524e-002
  3.6736335e-001  1.3536099e+000
 -1.1978906e+000 -3.6506378e-001
  3.8729268e-001  1.0936419e+000
 -1.0630767e+000  8.3520085e-001
  6.9293500e-001  1.1783771e+000
 -1.1029090e+000 -8.1599122e-001
 -4.1045839e-002 -1.1062365e+000
 -1.0386069e+000  6.2066375e-001
  1.3764031e+000  1.3297448e-001
 -1.6221538e-001 -1.2481252e+000
  1.3759625e+000  1.1951467e-001
  6.3470023e-003  1.0358836e+000
 -1.2044497e+000 -4.1583670e-001
  1.5809986e-002  1.1871239e+000
 -8.3068028e-001  1.0037296e+000
  1.0470569e+000  3.1238424e-001
 -1.3602075e+000  3.3840241e-001
  1.4738024e-002  1.3893853e+000
 -1.2970465e+000 -4.7840901e-001
 -8.6831813e-002 -1.2425620e+000
 -5.5611240e-001  1.2304415e+000
 -1.2198150e+000  1.9496784e-001
 -1.0989635e+000  3.9315633e-001
  1.2862666e+000  4.2380794e-001
 -1.9953153e-001 -1.1486469e+000
 -1.0121973e+000  8.9850771e-001
 -1.0522613e+000 -8.8755380e-001
  1.1441728e+000  3.5509689e-001
  1.0877165e+000 -1.8738279e-001
  6.1470545e-001 -1.0077042e+000
 -2.6936355e-001 -1.0291455e+000
  1.0632721e+000 -8.6123645e-002
  1.5646715e-001  1.2406875e+000
  6.5915389e-001 -1.1733003e+000
  8.9408110e-001 -1.0295909e+000
 -4.2619768e-001  1.2698486e+000
 -1.1048389e+000  7.1614439e-001
  1.1391985e+000  1.3947092e-001
 -1.3477991e-001  1.0025356e+000
  3.2811906e-001  1.0528471e+000
 -4.8958125e-001 -1.0031069e+000
 -2.0753154e-001 -1.3071646e+000
 -1.3003945e+000 -3.5746638e-001
 -8.7396686e-001 -1.1107469e+000
  1.0558961e-001 -1.3826456e+000
 -1.0541106e+000  2.3119279e-001
 -1.2451317e+000 -2.7214758e-001
  3.8527119e-001  1.1514470e+000
  1.3339592e+000  1.8290350e-001
 -1.2107978e+000  2.6880743e-001
  1.2689151e+000  1.4828450e-001
  1.1982273e+000  6.8653545e-001
  1.0078434e+000 -3.2766308e-001
  1.0140827e+000 -6.7780857e-001
 -1.6110863e-001  1.0404019e+000
 -2.3677485e-001 -1.2471184e+000
  3.5083686e-002 -1.1442270e+000
 -1.0283508e+000  8.4237197e-001
 -1.8096974e-001  1.2882070e+000
  1.2579510e-001 -1.0828657e+000
  1.1698073e+000  1.5929836e-001
  2.1506727e-001 -1.3174689e+000
 -9.2286855e-002 -1.0996730e+000
 -1.0509117e+000  4.4852828e-001
 -1.0114179e+000 -9.5540227e-001
 -1.8652754e-001  1.3907675e+000
  1.0133791e+000  5.6547259e-001
 -1.1739590e+000 -6.6404718e-002
 -1.0012006e+000  3.8626746e-001
  1.2169084e+000 -7.4010910e-003
  1.1776186e-001  1.2356279e+000
 -1.0272991e+000  9.1460243e-001
 -5.2927750e-001  1.0494335e+000
  1.2162975e+000 -6.5442506e-001
 -3.5184874e-001  1.1665774e+000
  1.7827435e-001 -1.2440730e+000
  1.3306932e+000  4.6100644e-001
 -7.3871776e-001  1.1617479e+000
  1.2679718e+000 -9.1648109e-002
  1.2568763e+000 -3.2918185e-001
  8.8581109e-001  1.0134291e+000
  3.9690922e-001 -1.0254046e+000
 -3.4651863e-001 -1.0092108e+000
 -1.2072922e+000  1.8626951e-001
 -1.1590615e+000  4.5292660e-001
  1.0125220e+000 -6.5896017e-001
 -1.0330123e-001 -1.4074029e+000
 -1.2409078e+000 -3.3889784e-001
  2.4488862e-001  1.1174922e+000
  1.3787386e+000 -1.8417838e-001
 -3.7123649e-001 -1.2784415e+000
  8.6647596e-001  1.0984375e+000
  3.7428189e-001  1.1721202e+000
 -1.3020848e+000 -4.9354769e-001
 -1.1481498e+000 -5.7093424e-001
 -1.2079346e+000 -6.0292367e-001
 -1.8511097e-001 -1.0186049e+000
  6.3434437e-001 -1.2023092e+000
  1.8758019e-001 -1.3224715e+000
 -8.7099402e-002 -1.0587782e+000
  4.2659021e-001 -1.1844250e+000
 -1.0289938e+000  4.4393052e-001
 -2.7876863e-001 -1.2788391e+000
 -5.9971387e-001  1.2730198e+000
  6.1261695e-001 -1.1072697e+000
  1.3402712e+000  2.7257761e-001
  1.2719610e+000  3.6610594e-001
  6.3385148e-001 -1.1696392e+000
 -1.4962564e-001 -1.3634651e+000
 -5.8824706e-001 -1.0986763e+000
 -3.9662373e-002 -1.0206852e+000
 -1.1949069e+000  4.4163612e-001
 -3.5095439e-001  1.3357215e+000
  2.5899062e-002  1.2930522e+000
 -1.1588326e+000  5.7679015e-001
  4.4741420e-001  1.2327263e+000
 -1.3753974e-002  1.3863903e+000
  6.5443982e-001  1.1529897e+000
 -1.2152957e+000 -6.3835086e-001
 -3.5614172e-002 -1.2792619e+000
  1.1749669e+000 -3.0165894e-001
  1.0499089e+000 -7.6014818e-001
 -4.1721035e-001  1.0852508e+000
 -7.9400436e-001  1.0509191e+000
  1.2279387e+000  5.7450355e-001
 -1.1423093e+000  2.5728241e-001
 -4.4962564e-001 -1.2867456e+000
  1.0993103e+000 -2.0508396e-001
 -1.9913760e-001  1.2021269e+000
  1.2127613e+000  6.0667967e-001
 -8.9284213e-001 -1.0860906e+000
  1.0153965e+000  5.7164387e-001
  1.2379811e+000  3.3675724e-001
 -9.5449674e-001 -1.0341856e+000
  3.4051993e-001 -1.1014486e+000
  1.1556247e+000 -6.2176719e-002
  1.2764059e+000 -2.6307784e-001
 -3.6951407e-001 -1.2434941e+000
 -1.1025029e+000  5.8623445e-001
 -1.1721024e+000 -2.5177904e-001
  1.3645132e+000  3.5363253e-001
 -1.1190181e+000 -6.0932495e-001
  1.2422308e+000 -5.9283469e-001
  1.0455506e+000  8.1738435e-002
  3.6650997e-001  1.2693218e+000
 -1.2637040e+000  1.8898474e-001
  2.5584768e-001  1.3503328e+000
 -2.3126555e-001 -1.0244396e+000
 -2.8652955e-001  1.0060732e+000
 -8.5470983e-002 -1.3285476e+000
 -7.2744394e-001  1.0134722e+000
 -1.0483556e+000 -1.1365159e-001
 -1.2382446e+000 -6.3963810e-001
  1.4907444e-001  1.3384039e+000
  1.1372177e+000  6.0448445e-002
 -1.0312913e+000  7.7416633e-001
  1.1283982e+000 -6.9418690e-001
 -7.1177010e-001  1.1733366e+000
 -8.5596568e-001 -1.0774181e+000
