  1.2534852e+000  1.6309683e+000
  2.5069411e+000  3.0004740e-001
  1.6513369e-001  6.5756446e-001
  1.7171235e+000  3.4178309e-001
  8.3186279e-001  1.1791176e+000
  2.9109439e-001  7.1897003e-001
  4.2285040e-001  1.1694654e+000
  2.5814806e-001  1.0530624e+000
  6.4079673e-001  1.4160488e+000
  5.2054165e-001  8.6806165e-001
 -1.8045190e+000  1.2039237e-001
 -1.7497752e-001  8.3802980e-001
  2.2548306e+000  1.8529038e+000
 -7.3197274e-002  1.3728337e+000
  4.1893875e-001  8.0677364e-001
  1.2429494e+000  2.9891608e-001
  1.8267455e+000  7.3140752e-001
  1.1719644e-001  1.0141847e+000
 -1.1375099e-001  1.1070649e+000
 -9.9621192e-001  1.0094501e+000
  3.3910036e-001  1.3450387e+000
  2.1423907e+000  1.0838547e+000
 -2.0519368e-001  9.7398179e-001
  4.1091197e+000  1.0064731e+000
  9.5098536e-001  9.2463863e-001
  8.7637290e-001  1.3174429e+000
  6.8713130e-001  1.2896846e+000
  1.1745955e+000  9.6303614e-001
  1.9166806e+000  5.0508156e-001
  1.6046210e-001  1.1328565e+000
  2.2842256e+000  4.5750564e-001
 -6.0315123e-001  1.0125073e+000
  2.5957359e+000  9.2905468e-001
  2.3682623e+000  2.0324665e+000
  3.1381275e+000  1.0346437e+000
  1.4546153e+000  1.1478198e+000
  1.2927066e+000  1.0543260e+000
  1.6540493e+000  1.1810120e+000
  8.7331406e-001  1.5374326e+000
  5.6309219e-001  6.2373877e-001
  1.9588008e-001  1.1797391e+000
 -5.1996147e-001  2.8885284e-001
  2.9322294e-001  1.1723896e+000
  1.2668585e+000  1.5942013e+000
  4.9830036e-001  1.0510410e+000
  2.4715391e+000  1.5377068e+000
 -6.7933708e-001  1.5923114e+000
  1.4865180e+000  5.0866708e-001
  2.6495281e+000  1.1840117e+000
 -2.6882616e-001  3.8146032e-001
  5.5192712e-002  5.2200694e-001
  4.8838724e-001  7.9512057e-001
  1.2073677e+000  1.1804843e+000
 -3.7806695e-001  3.0155379e-001
  2.3817092e+000  1.0914522e+000
  2.1803948e+000  1.0294318e+000
 -4.2580264e-001  9.0327271e-001
  1.4550297e+000  1.4512418e+000
 -8.6481334e-002  1.8305988e+000
  1.5392605e-001  1.0167103e+000
  4.7832172e-001  3.8246826e-001
 -3.5825194e-002  1.2247464e+000
  1.2039970e+000  1.3752077e+000
  4.7057151e-001  2.4059808e+000
  1.6138748e+000  1.2070592e+000
  1.9340970e+000  2.3703468e+000
  1.5922438e+000  9.8451285e-001
  1.1684749e+000  7.6003111e-001
  4.2822523e-001  1.1110685e+000
 -6.0401081e-001  6.9039918e-001
  1.5576847e+000  5.6313860e-001
  2.0800155e+000  8.8444320e-001
  1.7986235e+000  1.5675497e+000
  7.7019691e-001  1.0632591e+000
  8.8043201e-001  8.5594402e-001
  1.1865770e+000  8.0967659e-001
  1.1591554e+000  4.4912057e-001
  1.3032076e+000  1.0199486e+000
  8.2310244e-001  9.2830255e-001
  5.6946154e-002  1.5602184e+000
  1.1334134e+000  4.7945771e-001
  1.2211329e+000  1.2562671e+000
  8.9137205e-001  8.8557321e-001
  1.0960542e+000  1.0258559e+000
  8.3058497e-001  1.4807287e+000
  1.6100124e+000  9.4209640e-001
  1.5672696e+000  4.6298708e-002
  2.8124043e+000  5.5706985e-001
  2.6008088e+000  1.5568892e+000
 -7.2450978e-002  7.5870017e-001
  4.6581330e-001  1.6348878e+000
  2.7973791e+000  1.4178676e+000
  6.6123348e-001  1.7878518e+000
  1.3010345e+000  5.9488938e-001
  9.6915450e-001  5.3121011e-001
  1.4953302e+000  1.4109862e+000
  1.4627905e+000  1.1660944e+000
  1.8780630e+000  8.4453768e-001
  8.2969224e-001  5.6631646e-001
 -3.4605640e-002  5.2413686e-001
  1.7078247e+000  7.3537014e-001
  1.9417905e+000  9.6385302e-001
  9.8680346e-001  1.2200906e+000
  2.2348741e-001  1.4842066e+000
  1.6078406e+000  8.2698866e-001
  9.7502127e-001  3.1426320e-001
  3.8718080e+000  1.3371586e+000
  1.9404054e+000  9.6413530e-001
  1.3927418e+000  1.1673520e+000
  2.5773223e+000  8.1719154e-001
  1.8900456e+000  1.2587103e+000
  1.5535545e-001  8.5546591e-002
  1.6150619e+000  1.2177289e+000
  1.8341144e+000  1.9272206e+000
  2.7474042e+000  1.1074372e+000
  1.2021818e+000  7.6781216e-001
  1.5013914e+000  6.7892529e-001
 -9.1559113e-001  1.8782288e+000
  3.9251337e-001  6.9492846e-001
  5.4252789e-001  2.3335468e-001
 -2.0616204e-001  1.1634594e+000
  1.3481467e-001  8.5075376e-001
  1.3805069e+000  1.3923247e+000
  2.1496246e+000  1.0170956e+000
  5.4152820e-001  9.2738622e-001
  2.1850691e+000  8.8803211e-001
  3.2904465e-001  1.0797776e+000
 -3.9799311e-001  9.8535691e-001
  6.1697300e-001  1.6409612e+000
  9.3643914e-001  2.0900386e+000
 -1.2331775e+000  7.1709797e-001
  2.7085841e-001  1.1694211e+000
  1.3501929e+000  2.2390439e-001
  1.3545757e+000  2.8458532e-001
  6.1334929e-001  5.2366478e-001
  4.6279333e-001  1.5366833e+000
  1.1040815e+000  1.8368562e+000
  2.0694668e+000  1.3609957e+000
  1.6229014e+000  8.5867550e-001
  1.9502412e+000  2.3749576e-001
  9.3685407e-001  1.5163381e+000
  1.7287362e+000  1.1634685e+000
  4.4733665e-001  6.0612026e-001
  1.7104726e+000  5.4200623e-001
  1.9133791e+000  1.2192074e+000
  1.5740493e+000  4.3935233e-001
  3.5366119e-001  1.4248632e+000
  9.3008169e-001  1.1556842e+000
 -2.5080208e-001  8.4347434e-001
  1.7600905e+000  2.0561010e+000
 -6.9240814e-001  4.3824873e-001
  1.4707615e+000  1.8341819e+000
  2.5262808e+000  1.9777146e+000
 -1.3341667e-001  1.5423005e+000
  2.7725742e+000  3.9181781e-001
  1.5900510e+000  7.8231537e-001
 -1.0222801e+000  1.0846539e+000
  1.0869310e-001  3.8246318e-001
  9.7658257e-002  7.6929157e-001
  2.2623138e+000  4.2472053e-001
  1.2889637e+000  1.2418979e+000
  7.2842601e-001  7.7941464e-001
 -1.2435340e+000  1.3246738e+000
  9.2290713e-001  3.9549652e-001
  1.3478914e+000  1.0862728e+000
  1.5790959e+000  1.8656931e+000
  4.1716193e+000  1.9954455e+000
  2.5889281e+000  4.3203408e-003
  2.2543644e+000  1.5163757e+000
  7.9308506e-001  1.1119140e+000
 -2.4427249e-001  1.4472410e+000
  4.4872051e-001  8.8367224e-001
 -1.1494676e+000  1.7663983e+000
  6.7472380e-001  1.3575549e+000
  1.2664414e+000  1.6696374e+000
  3.8796344e-001  5.7822932e-001
  1.5453821e+000  7.1161696e-001
 -4.4937537e-001  2.0511088e+000
  1.9597663e+000  1.4855189e+000
  1.1062775e+000  7.7827755e-001
  2.4529004e+000  3.2423295e-001
  5.0214836e-002  9.3515544e-001
  1.5684400e+000  1.1230312e+000
  4.0976480e-001  5.9471567e-001
  2.4006864e+000  5.0006893e-001
  2.3924690e+000  1.0176737e+000
 -5.9767413e-001  1.7059622e+000
  2.6275094e-001  1.0637771e+000
  2.3455228e-001  6.0014378e-001
  1.8397991e+000  1.2766078e+000
  2.9123050e+000  1.5913148e+000
  1.2796840e+000  5.5015456e-001
  7.5383657e-001  1.8842959e+000
  9.5114834e-002  1.3487079e+000
  1.5483390e+000  4.0476413e-001
  1.1458100e+000  1.2177750e+000
  1.0409662e+000  1.5207977e+000
  1.3813585e+000  1.0411811e+000
  1.1553351e+000  1.0597812e+000
  2.1896780e+000  1.1459478e+000
  7.4357916e-001  1.2564412e+000
  1.6526041e-001  1.0843397e+000
  8.0295059e-001  8.9229837e-001
 -6.2877759e-001  7.2706078e-001
 -4.4132569e-001  1.2938122e+000
  7.4087843e-001  1.4389805e+000
  1.4838664e+000  9.8344513e-001
  1.0415891e+000  1.4027737e+000
  1.3626611e+000  1.1793967e+000
  3.2160940e-001  5.4759895e-001
 -1.3404258e+000 -1.2229579e-001
  1.5711311e+000  1.0817215e+000
  9.7347924e-002  5.5684278e-001
  2.6890628e+000  9.6578149e-001
  8.7632114e-001  5.2872580e-001
  7.0815984e-001  4.4363356e-001
 -5.0370000e-001  1.1253190e+000
  1.8981315e-001  1.0174532e+000
  1.0787279e-001  1.3318354e+000
  3.4888788e-001  3.4497190e-001
  1.5868768e+000  7.7187352e-001
  1.4537858e+000  8.1763883e-001
  1.4570429e+000  6.0620262e-001
  1.6601803e+000  6.1336218e-001
  1.0391916e+000  6.2074088e-001
  7.5194843e-001  1.5180224e+000
 -4.4657223e-001  5.9368125e-001
  1.3577573e+000  1.1543303e+000
  1.0766628e+000  4.3374711e-001
  1.9011855e+000  1.3608176e+000
  1.7267706e+000  6.7569397e-001
  1.8085394e+000  5.4760400e-001
  2.3887177e+000  1.1851201e+000
  1.4576930e+000  1.8146930e+000
 -2.5402467e-001  1.2069593e+000
 -1.2149730e+000  1.4054041e+000
  9.5073460e-001  7.4201965e-001
  9.7403993e-002  1.3823629e+000
  7.8491424e-001  1.4945170e+000
  2.5318725e+000  9.0182598e-001
  5.8460799e-001  1.0234020e+000
  2.4250733e+000  8.8739228e-001
 -2.5183996e+000  1.9474452e+000
  2.6539734e+000  9.1485608e-001
  1.5789774e+000  2.4088396e-001
  1.8898391e+000  1.2638072e+000
  9.1120368e-001  7.3709635e-001
  3.8468954e-001  4.0549515e-001
  6.4466155e-002  8.2400874e-001
  1.4291276e+000  6.7478102e-001
  2.1349424e+000  7.5189997e-001
  1.3233484e+000  1.5302493e+000
 -1.0240340e-001  8.1656093e-001
  1.2217322e+000  4.0583681e-001
  9.0720743e-001  1.3550616e+000
  2.6264815e+000  2.3221059e-001
  9.0016256e-001  2.0086552e+000
  6.5219155e-001  1.2964737e+000
 -4.0080450e-002  1.9272351e+000
  3.3514570e+000  2.2095904e-001
  1.3044420e+000  1.3890936e+000
  9.9824647e-001  2.7894326e-001
  5.0158031e-001  9.9251028e-001
 -2.3148424e-002  9.6119340e-001
  2.1085681e+000  4.8419486e-001
  7.0791605e-001  2.1716390e+000
  8.0779598e-002  1.0008192e+000
  1.0554911e+000  8.6542162e-001
  2.8740776e-001  1.3378389e+000
 -8.9800462e-001  9.4042473e-001
  1.1022655e+000  2.8191219e-001
 -3.1341905e-001  2.4528977e-001
 -3.0713947e-001  1.1083064e+000
 -2.9077906e-002  4.2382855e-001
 -5.8111871e-001  1.0351704e+000
  1.6671583e+000  1.4985290e+000
  1.5858541e+000  8.9134171e-001
 -1.0828002e+000  1.7401849e+000
  1.7329164e+000  6.5491150e-001
  1.4006095e+000  8.2743676e-001
 -6.5937069e-001  1.1026542e+000
  5.9935609e-001  2.0892780e+000
 -4.8522462e-001  8.8225510e-001
 -3.1993919e-002  7.7779236e-001
  7.7931003e-001  2.7733124e-001
  4.2619913e-001  1.1274319e+000
  3.1506602e+000  6.5634024e-001
  1.8087100e+000  6.4333329e-001
  1.8161124e-001  2.2128984e+000
  3.5830014e-001  8.8786881e-001
  1.6186836e+000  1.4470875e+000
  1.5176729e+000  1.0719244e+000
 -9.8593839e-001  1.1173551e+000
 -8.8071095e-001  1.7286792e+000
  2.0281953e+000  8.6896734e-001
 -9.0618725e-001  2.8670252e-001
  1.4587874e+000  7.5685378e-001
  2.1926681e+000  1.1403899e+000
  5.7583469e-001  1.9752471e+000
 -3.6604997e-001  1.6514251e+000
  4.1574338e-001  4.7470211e-001
  1.7798296e+000  1.4458268e+000
  1.1046664e+000  4.4140064e-001
  7.9039928e-001  1.4160133e+000
  1.1588659e+000  5.6890665e-001
  2.1583451e+000  9.8639852e-001
  2.9877228e-002  1.3441185e+000
  1.3846773e+000  1.8200906e+000
  6.8836706e-001  1.3231631e+000
  4.8259480e-001  1.1315487e+000
  2.5167613e-001  1.3990676e+000
 -2.4896448e-001  1.1466949e+000
  7.0751774e-001  1.4045219e+000
  3.7696409e+000  4.9942589e-001
  2.5417848e+000  1.3429104e+000
  2.7938499e+000  3.6643085e-001
  1.5279689e+000  8.9337399e-001
  1.2914785e+000  8.6030710e-001
  1.9998584e-001 -3.4938901e-002
  1.4359331e+000  6.0354393e-001
  2.0077773e+000  1.2012086e+000
  1.1331905e+000  6.9139729e-001
  6.2414686e-002  8.3695418e-001
  6.9731656e-001  1.4064029e+000
  4.6207148e-001  3.3534677e-001
  1.8514110e+000  1.3797430e+000
  6.3793541e-001  1.3167974e+000
  1.3355128e+000  9.0582797e-001
  2.3457118e+000  1.4441762e+000
 -1.1062933e-001  5.2052377e-001
  5.2823428e-002  7.1939080e-001
  1.5420318e+000  9.2690287e-001
  1.8583861e+000  9.7656770e-001
  1.3689330e+000  1.2233011e+000
  2.8877783e+000  8.7193607e-001
  8.1392761e-001  8.7040692e-001
 -2.6682738e-001  1.1152818e+000
 -1.2360393e+000  7.2962396e-001
  1.3444662e+000  3.6506266e-001
  1.9614879e+000  1.4371610e+000
  6.0769860e-001  5.9431964e-001
 -7.3794746e-002  1.3563640e+000
  1.1247769e+000  1.7038787e+000
  3.5567934e-001  1.0198446e+000
  5.8863499e-001  1.4930100e+000
  1.0955487e+000  8.7508109e-001
 -1.2613099e+000  7.6604951e-001
  1.9612201e+000  1.0190198e+000
  9.9426833e-001  1.0881577e+000
  5.6373575e-001  9.7070588e-001
 -6.1132507e-003  1.4905986e-001
  1.9836367e+000  7.1781376e-001
 -3.0725306e-001  1.9270058e+000
 -2.9246115e-001  1.1369993e+000
  3.0840379e+000 -2.9211846e-001
  3.8650638e-001  2.2821813e+000
  7.7103280e-001  1.0571210e+000
  2.2901856e+000  5.3182141e-001
  2.1971251e+000  1.2323584e+000
  1.7285103e+000  8.7572001e-001
  1.3888222e+000  8.7316588e-001
  1.3889193e+000  1.5926492e+000
  3.8293821e-001  8.7127938e-001
 -1.0034259e-001  1.3995325e+000
  1.4540460e+000  1.1216494e+000
  1.3619515e+000  1.3811245e+000
  4.7946238e-001  1.9013518e+000
  4.4078477e-001 -3.2137165e-002
 -4.0214501e-001  1.2698188e+000
  3.1790772e+000  1.5001312e+000
  1.2823447e+000  1.3354624e+000
  3.0310386e+000  1.0999754e+000
 -3.6652974e-003  1.8441033e+000
  7.3787198e-001  1.0302741e+000
  1.5462351e+000  7.5788165e-001
  1.7721386e+000  2.9482972e-001
  2.7584397e-001  1.6875094e+000
 -6.3665957e-001  1.7667857e+000
  1.8261892e+000  1.1552042e+000
  2.9046333e+000  1.1489512e+000
  8.8893440e-001  1.0780206e+000
  1.4980831e+000  1.5406109e+000
  1.5130821e+000  1.0794878e+000
  1.2392680e-001  1.0891682e+000
  2.0890486e+000  1.1910403e+000
  2.1071993e+000  7.2708309e-001
  2.9159274e+000  1.2717940e+000
  1.6162141e+000  9.4221610e-001
 -3.5705112e-001  6.7368637e-001
  9.9509080e-001  7.5941656e-001
  2.7765895e+000  4.3399781e-001
  9.3633799e-001  8.3385807e-001
  3.1556577e+000  5.5353255e-001
 -4.1325784e-001  7.1437554e-001
  2.9297506e+000  8.9578637e-001
  2.2367657e+000  1.1733468e+000
  9.7185520e-001 -1.3838613e-001
  1.2252294e+000  1.1338887e+000
 -2.6215897e-002  1.0078253e+000
  1.8628377e+000 -5.3476038e-002
  1.9433883e+000  1.7274779e+000
  2.0463255e+000  7.4472964e-001
  8.7055742e-001  8.6534889e-001
  1.6488263e+000  1.4275980e+000
  6.4858854e-001  3.8517905e-001
  3.3843994e-001  1.4761738e+000
  2.6719417e+000  1.0741131e+000
  1.2094172e+000  9.5647535e-001
  1.6435738e+000  8.4535331e-001
  6.3752145e-001  1.7610976e+000
  3.0299057e+000  1.0775108e+000
  1.2282517e+000  1.0861936e+000
  4.7941828e-001  6.9158297e-001
  1.6260447e-002  4.8852754e-001
  6.4996897e-001  1.5161456e+000
  1.8005658e+000  1.2374822e+000
 -5.4027331e-001  1.1863294e+000
  1.5288675e+000  5.6729508e-001
  1.7105145e+000  1.5018714e+000
  1.9612602e+000  1.0505830e+000
  1.4718179e+000  1.5868827e+000
  1.7251289e+000  1.2660323e+000
  1.1079077e+000  1.3380510e+000
  3.2613321e-001  1.0179807e+000
 -5.4768441e-001  6.3456671e-001
  7.1333891e-001  9.3817205e-001
  1.9150575e+000  7.8619236e-001
 -1.0809410e-001  4.8251448e-001
 -1.3796056e+000  1.6939889e+000
  2.1721544e+000  1.2589400e+000
  1.2966023e+000  6.0317019e-001
  1.7187489e+000  1.0498565e+000
  1.3091498e+000  1.2588107e+000
  2.3385981e+000  1.8457534e+000
  4.3462735e-001  8.0212255e-001
  2.0037543e+000  4.0138435e-001
  2.3456652e+000  1.3914186e+000
 -4.9025229e-001  1.9384623e+000
  1.1218866e+000  6.0557374e-001
  1.6155894e+000  2.0975766e+000
  7.0040562e-002  5.1771830e-001
  1.9668723e+000  9.5139584e-001
  1.5155127e+000  5.6565878e-001
  2.0427452e-001  1.7825049e+000
  5.1738349e-001  7.0600944e-001
  9.5984527e-001  1.3647410e+000
  3.2258050e-001  1.4343197e+000
  2.5794811e+000  7.1767330e-003
  1.2004490e+000  1.0362179e+000
  2.6571819e+000  2.2299916e+000
  1.0066155e+000  1.0460496e+000
  7.3889220e-001  3.4786328e-001
  1.3172674e+000  7.3171611e-001
  1.8819643e+000  1.4480794e+000
  1.2289734e+000  1.1120149e+000
 -1.6642055e-001  1.5032242e+000
 -7.5347561e-002  8.1413947e-001
  4.8997917e-001  7.1809067e-001
  1.6455683e-001  6.3981581e-001
  9.6905781e-001  7.8450031e-003
  6.3131049e-001  8.6349536e-001
  2.2643117e+000  6.3431604e-001
  1.8664678e-001  1.4867540e+000
  1.3369673e+000  6.6621791e-001
 -3.3163405e-001  5.5274360e-001
 -1.0924893e+000  1.1069816e+000
  7.3474387e-001  6.9217886e-001
  9.6599336e-001  1.2676932e+000
  9.6320486e-001  9.9565536e-001
  2.2050934e+000  1.5544372e+000
  1.0425176e+000  1.4631472e+000
  2.7901929e+000  1.1535785e+000
  2.6052490e+000  1.2441983e+000
  6.4145350e-001  6.5926535e-001
  1.4306059e+000  6.9546474e-001
  5.0451066e-001  9.4693492e-001
  2.3003088e-001  1.3074780e+000
  3.9963924e-001  1.2433316e+000
  2.3429903e+000  1.5555460e+000
  2.7619572e+000  1.7204118e+000
  6.4320891e-001  1.0132813e+000
  1.5641687e+000  7.3142817e-001
  2.0933949e+000  5.5927077e-001
  1.3719015e+000  1.2710163e+000
  1.7624144e+000  1.1394994e+000
  1.1519639e+000  9.8490417e-001
  4.6139041e-001  8.2566736e-001
  2.5028432e+000  3.6024440e-001
  2.7733562e+000  6.1093062e-001
 -1.1304119e-001  7.3584990e-001
  1.3570619e+000  4.6155753e-001
 -9.6350148e-002  7.1257421e-001
  1.2498716e+000  1.3203401e+000
  2.0540663e+000  1.4061628e+000
  1.5230844e+000  7.7194866e-001
  1.5650430e+000  1.2229811e+000
  2.5830953e-001  5.8640793e-001
 -1.4830462e+000  7.9786271e-001
  1.2073153e-001  1.5906002e+000
  3.2407602e-001  1.3792505e+000
  1.3328578e+000  5.2864984e-001
 -5.0380620e-001  5.3317983e-001
  1.0252167e+000 -1.7443970e-001
  2.0254487e+000  1.0789459e+000
 -1.7743116e-003  6.1785042e-001
 -1.9459185e-001  1.4336777e+000
  8.8502345e-001  6.7676149e-001
  1.5601778e+000  1.4772170e+000
  8.4530723e-001  1.7236110e+000
 -4.6392247e-001  1.4012937e+000
  9.5119218e-001  1.4395601e+000
  1.0019166e+000  1.4065425e+000
  1.0327335e+000  9.9925720e-001
  8.3859271e-001  1.6833566e-001
  1.2104317e+000  1.6116367e+000
  2.5542686e+000  1.2820270e+000
  9.8520829e-001  1.2085377e+000
  1.0697447e+000 -1.6921781e-001
  1.7806455e+000  1.1475006e+000
  2.1686022e+000  6.9269455e-001
  5.4959548e-002  6.6939642e-002
  1.4548839e+000  1.6830499e-001
  2.5525018e-001  9.6066119e-001
  6.8681757e-001  1.1291210e+000
 -6.3847921e-002  1.4055370e+000
 -8.5764661e-001  1.4146394e+000
  1.5670517e+000  1.0769543e+000
  1.1321919e+000  1.4469377e+000
  3.9513795e-001  1.7063437e-001
  1.0872207e+000  2.2874611e+000
  4.2125371e-001  1.1371133e+000
 -3.7002721e-001  8.5465302e-001
  7.9656462e-001  1.7862209e+000
  2.5218792e-001  9.1220678e-001
  2.6435070e-001  5.2467280e-001
 -7.7294590e-001  6.3075058e-001
 -8.2495997e-001  1.1917465e+000
  1.5859942e+000  1.2478153e+000
 -5.7050383e-001  1.7338543e+000
  2.4026972e+000  8.7737887e-001
  7.0962265e-001  8.2097377e-001
  2.4531416e-001  1.0408370e+000
 -1.1874974e+000  1.8306316e+000
  1.7534849e-001  2.2268900e+000
 -7.3269323e-001  1.6046484e+000
  1.5150108e+000  8.5281798e-001
  6.0074227e-002  6.9312618e-001
  1.9278206e+000 -1.7623043e-001
  1.1280297e+000  1.1396088e+000
 -9.1186537e-001  1.3517572e+000
  2.8057493e-001  1.2252024e+000
  9.1908033e-001  1.0758790e+000
  1.9193772e+000  1.9021406e+000
 -2.1893676e-001  4.3735124e-001
  1.3441597e+000  9.9346652e-001
 -1.0305444e-001  6.8224998e-001
  2.4869760e+000  1.6236205e+000
  4.9456342e-001  3.2721188e-001
  1.4569721e+000  1.4826539e+000
  1.1540060e+000  7.1981101e-001
  1.6856217e+000  1.3623407e+000
 -2.1183099e-001  1.4124946e+000
  2.2598639e+000  8.8561125e-001
  1.8085735e+000  1.1032675e+000
  6.9951254e-001  8.7707100e-001
  1.3505844e+000  2.7845884e-001
  1.4657165e+000  1.6309464e+000
 -2.2458928e-001  8.6569314e-001
  2.3270872e+000  1.5875741e+000
  5.9921108e-002  1.3574496e+000
  2.3556096e+000  4.0794744e-001
  1.5898094e+000  3.9714302e-001
 -1.0793184e+000  6.7015854e-001
  8.7587887e-001  1.1927885e+000
  2.1849187e-001  1.6696018e+000
  1.9410297e-001  1.4625086e+000
  2.1632658e+000  1.4604568e+000
 -1.6985919e-001  1.5619087e+000
  2.0984424e+000  6.8140490e-001
  9.2926893e-001  1.3243096e+000
  3.1677285e+000  1.3204843e+000
 -3.0974787e-001  3.7729666e-001
 -5.7616236e-001  1.0096038e+000
  2.2025407e+000  8.7723110e-002
  1.1684890e+000  8.1617192e-001
  1.3709900e+000  1.7864336e+000
  6.7729481e-001  3.7182170e-001
  9.4891240e-001  2.0979795e-001
  1.7436956e+000  1.4311561e+000
  1.9462878e+000  9.7476904e-001
  3.9505918e+000  5.0191453e-001
 -3.4130927e-001  8.1824767e-001
 -2.4376497e-001  8.2375492e-001
 -8.4746476e-001  1.5189566e+000
  2.1058843e+000  2.9956078e-001
  5.4134649e-001  7.4666506e-001
  3.3697423e-001  1.1783768e+000
  1.3216609e+000  8.5900744e-001
 -1.8290518e-002  1.2544379e+000
  1.7952009e+000  3.5026734e-001
  3.6573869e-001  1.3151500e+000
  2.1006572e-001  1.7126142e+000
  1.5667685e+000  1.0050079e+000
  1.3386417e+000  1.4818707e+000
 -8.6372432e-001  8.1184952e-001
  5.6171106e-001  9.8891625e-001
  2.4778094e+000  2.0630318e+000
  1.7407096e+000  1.1177506e+000
  1.5691947e+000  6.5807280e-001
 -6.3721626e-001  1.1383564e+000
  1.4273275e+000  1.1779062e+000
 -2.0077440e-001  1.0663385e+000
  3.3611647e+000  1.4122299e+000
 -1.2566099e-001  1.0664697e+000
  1.6273752e+000  7.5538211e-002
  7.0466029e-001  3.7308068e-001
 -7.6834267e-001  4.5647885e-001
  1.2360755e+000  9.4944648e-001
 -7.2878808e-001  1.6003524e+000
  5.7201137e-001  1.6639641e-001
  7.5159751e-001  1.2381733e+000
  2.1411267e+000  3.9979556e-001
 -1.0491893e-002  8.0007259e-001
  5.5960375e-001  1.6717596e+000
  1.4920926e+000  8.3820394e-001
  1.4187007e+000  2.0873139e+000
 -4.1166389e-001  1.8557036e+000
  5.4464550e-002  2.4189248e-001
  9.9432568e-001  1.2902855e+000
  2.6259785e+000  8.4068094e-001
  1.3761928e+000  1.2428000e+000
  7.7692798e-001  9.8602577e-001
  1.7485765e+000  1.4222398e+000
 -4.3342926e-001  9.8910538e-001
  4.3228134e-001  1.5110740e+000
  1.0209460e+000  1.0996292e+000
  3.2557791e+000  7.9214339e-001
  1.6431745e+000  9.0725968e-001
  7.2782576e-001  1.4369436e+000
  1.2029544e+000  8.3663474e-001
  1.3030596e+000  9.1820301e-001
  8.6429039e-002  1.2954136e+000
  8.7399962e-001  2.0663537e+000
  2.6461465e+000  1.1811415e+000
  1.8616105e-001  2.5082270e-001
 -4.7335904e-002  1.2361039e+000
  2.4329948e+000  8.4221561e-001
  2.4423901e+000  8.4234379e-001
  1.0949929e+000  1.5557788e+000
  1.4424676e+000  1.5503308e+000
  2.4184887e-002  9.0246456e-001
  1.7923788e+000  1.2281505e+000
 -1.3104130e+000  8.9670739e-001
  2.5155669e+000  1.1173696e+000
  1.9410655e+000  9.9896039e-001
  1.0471735e+000  1.3374149e+000
  1.2461260e+000  1.0508280e+000
  1.2265577e+000  7.7966867e-001
  1.6858807e+000  8.8253350e-001
  1.5973197e+000  7.7466289e-001
  1.2540292e+000  1.2580035e+000
  1.6351839e+000  1.5625704e+000
  7.0095801e-001  2.1188274e+000
  9.4032729e-001  8.8643884e-001
  6.7149747e-001  8.5681285e-001
  1.8393395e+000  1.7382428e+000
  5.3575795e-001  2.0233486e+000
  2.0939532e+000  9.7118026e-001
  4.7217653e-001  7.2339654e-001
  1.0530334e+000  9.7271203e-001
  6.5105131e-001  6.4850450e-001
  1.8103243e+000  9.1797398e-001
  1.4420122e+000  9.1416112e-001
  1.8612552e+000  2.4387966e-001
  5.9066177e-001  7.7902771e-001
  2.6524767e+000  1.4200589e+000
  1.1117908e+000  6.5547139e-001
  1.2399616e+000  7.8974902e-001
  2.0619675e+000  1.3767661e+000
  1.3616550e+000  1.1966396e+000
  9.5016319e-001  2.0661144e+000
  8.7451551e-001  1.3864009e+000
  2.2374729e+000  8.1819415e-001
 -2.1956654e-001  1.5265037e+000
  7.5138869e-001  1.7918496e+000
  1.7767092e-001  2.1161167e-002
 -6.1493744e-001  2.5982721e-001
  1.6883735e+000  1.0676153e+000
  2.5121863e+000 -4.0038691e-001
  2.5283715e+000  6.0720625e-001
  2.6866199e-001  1.3679177e+000
 -7.5784016e-001  8.7777021e-001
  1.1277099e+000  1.2424066e+000
  7.5758098e-001  1.4237505e+000
  2.2817154e+000 -3.1973606e-001
  2.1976589e+000  6.6203716e-002
  3.8733576e+000  1.2102650e+000
  2.6626224e+000  1.6952385e+000
 -1.0928565e-001  4.6504986e-001
  5.6263872e-001  9.4836747e-001
  1.6705612e+000  7.5368586e-001
  2.7781874e+000  4.7580659e-001
  6.9451564e-001  5.3251028e-001
 -3.0757990e-001  6.2057815e-001
  7.5929143e-001  1.2004209e+000
 -5.1046679e-001  7.2183257e-001
  2.6674109e+000  1.5436702e+000
  2.7977328e+000  1.0028572e+000
  1.6652182e+000  1.4067974e+000
  1.2562974e+000  1.6031325e+000
  1.4609239e+000  1.4653543e+000
 -1.5364220e+000  1.9907156e-001
  1.0315476e+000  8.8463824e-001
  2.4046916e+000  5.0263173e-001
  1.6879100e+000  3.0827499e-001
 -9.0305261e-001  9.0571044e-001
  9.6293440e-001  9.5637525e-001
  1.1178278e+000  1.3094149e+000
  1.5295621e+000  1.9184432e+000
  2.8675263e+000  6.4078749e-001
 -4.3524035e-002  6.3818022e-001
  4.5397477e-001  5.7334067e-001
  9.7752763e-001  1.4022671e+000
  1.3339469e+000  1.9209027e-001
  4.0194439e-002  1.3794896e+000
  1.4589733e+000  8.8275356e-001
 -1.0721101e+000  1.0692662e+000
  2.8080987e-001  1.2910768e+000
  1.0525333e+000  1.1099557e+000
 -2.7973642e+000  9.0770511e-001
  1.6955694e+000  8.4592827e-001
  8.5411757e-001  2.1330387e-001
  1.8725448e+000  1.8987603e+000
  1.3911564e+000  8.7119276e-001
  6.5101554e-001  5.7156216e-001
  1.2315810e+000  8.6197591e-001
  6.5277779e-001  8.0216238e-001
 -1.4907888e+000  6.6339773e-001
  3.1751527e-001  2.5419903e-001
  6.6863573e-001  1.6314685e+000
  6.4869793e-001  1.2785497e+000
  5.3992111e-001  2.2679470e-001
  2.2950312e+000  2.0430680e+000
  4.7097722e-001  7.2199456e-001
  9.2454821e-001 -4.7405361e-001
  2.0936940e-001  1.1657557e+000
  2.3809481e+000  1.2049381e+000
  3.5207140e+000  7.2070575e-001
  1.7955251e+000  9.3074223e-001
  2.0120842e+000  1.8959884e+000
  8.5335497e-001  1.1070742e+000
  1.5609583e+000  2.4614736e-001
 -6.5941883e-002  1.3902423e+000
  5.0819103e-001  5.4609866e-001
  1.9545139e+000  1.6524217e+000
  1.2890759e+000  7.5986415e-001
  1.5161520e+000  1.4029331e+000
  8.8526996e-001  6.2930791e-001
 -1.0706334e+000  1.3645609e+000
 -9.0960207e-001  1.4076719e+000
  1.5158921e+000  5.0464821e-001
  1.9175175e+000  8.3050098e-001
 -6.7416863e-001  1.9857919e+000
 -1.2718586e+000  8.5050160e-001
  1.6672078e+000  1.0223971e+000
  7.6519853e-001  9.6740912e-001
  7.2760507e-001 -3.4477986e-002
  1.2017534e+000  1.3108801e+000
  1.5328871e+000  9.5421316e-001
  1.2028942e+000  1.8200718e+000
  1.1142220e+000  1.0737960e+000
  1.6201863e+000  1.2186145e+000
  1.4455674e+000  1.9256963e+000
  2.0743259e+000  2.5796466e-001
  1.9630726e+000  1.4333308e+000
  1.9073382e+000  4.3996691e-001
  1.1321735e+000  6.8789306e-001
  1.9768233e+000  1.3058357e+000
  5.6533568e-001  1.0693834e+000
  1.3083536e+000  1.3869710e+000
  1.2266043e-001  7.3876014e-001
  2.1208867e+000  9.6657893e-001
  1.3626017e+000  5.0757180e-001
  2.8386155e+000  1.2033281e+000
  1.6926818e+000  6.2284948e-001
  1.6940200e-001  8.7725589e-001
  1.9244557e-001  1.7129927e+000
  1.5231640e+000  1.0382413e+000
  1.4588018e+000  1.7833409e+000
  1.9898467e+000  1.3652115e+000
 -6.3225455e-001  7.0394756e-001
  2.1280375e+000  1.2350245e+000
  9.9229720e-001  1.4667499e+000
  9.6585769e-001  9.2882550e-001
  1.7400669e+000  4.1980193e-001
  1.0310879e+000  1.1619688e+000
  2.2428916e+000  9.1336957e-001
  1.5135505e+000  1.5037024e+000
  1.7345797e+000  1.2085335e+000
  5.3447557e-001  9.4045576e-001
  1.0534697e+000  2.3303315e-001
  1.3805054e+000  1.8441568e+000
  2.4281048e+000  9.9498201e-001
  2.6311835e+000  1.5918604e+000
  1.2374901e+000  1.1505196e+000
  1.0732301e+000  1.0644295e+000
 -2.5669837e-001  1.3712930e+000
  4.4537243e-001  1.0837904e+000
  1.4491666e+000  1.1540003e+000
  7.8005571e-001  6.5460237e-001
  1.4230107e-001  3.3480768e-001
  5.4282396e-001  4.3084202e-001
  1.7347163e+000  6.8332466e-001
  2.2433789e-001  8.6826176e-001
  9.6620559e-001  5.8265927e-001
 -2.0618154e-001  3.7635535e-001
  3.9926424e-001 -9.8881985e-002
  2.0462136e+000  1.0071375e+000
  8.5208154e-001  1.2008881e+000
  4.3037591e-001  1.0279773e+000
  1.5737369e+000  1.1896615e+000
  6.3962999e-002  1.5839781e+000
  1.6670511e-001  1.2135393e+000
  1.4878027e+000  8.8325812e-001
  1.0882889e+000  1.0621464e+000
  9.4429684e-001  1.4452822e+000
  1.5545687e+000  1.5557917e+000
  8.8600083e-001  5.1269018e-001
  8.0420185e-001  1.2399769e+000
  1.2542493e+000  8.8535748e-001
  8.6892721e-001  1.1057465e+000
  3.2949335e+000  1.0077061e-001
  8.1229466e-001  5.2216721e-001
  1.1061533e+000  1.3690854e+000
  8.5475996e-001  1.6029651e+000
  5.4509158e-001  7.5503844e-001
  2.2742862e+000  8.3059565e-001
  6.3948205e-001  5.8740883e-001
  1.9885069e+000  1.1102388e+000
  1.2152050e+000  1.3615436e+000
  2.5696839e+000  1.0172892e+000
  1.2031255e+000  7.3090232e-001
  5.8654618e-001  3.3373222e-001
  1.5193133e+000  6.3398003e-001
  1.7530076e+000  1.9499959e+000
  1.0853653e+000  1.0111668e+000
  1.4196841e+000  1.2991235e+000
 -3.6279066e-001  5.0344228e-001
 -2.2158105e-001  9.9021968e-001
  5.7607755e-001  1.5448424e+000
  1.2990839e+000  7.6229001e-001
 -1.2818080e-001  2.0288448e-001
  2.6961381e+000  9.5294138e-001
  1.3688697e-001  1.3990842e+000
  2.1466356e+000  7.8391271e-001
 -4.0123987e-001  9.5580071e-001
  2.4078947e+000  1.6053294e+000
  2.5790894e+000  8.3051148e-001
  4.9910263e-002  5.0070632e-002
  1.0283619e+000  1.0340856e+000
  3.7662155e+000  1.3911192e+000
  8.8865438e-001  1.2812512e+000
  5.6732658e-001  9.5924866e-001
  5.5294840e-001  4.5621815e-001
  9.4843050e-001  1.0191883e+000
  9.9910169e-001  1.2651959e+000
  7.5907373e-001  6.4059063e-001
  1.5203312e+000  1.2626465e+000
  1.7177900e+000  8.5627103e-001
  3.0850667e+000  4.1193814e-001
  9.5752285e-001  4.4683739e-001
  1.1431769e+000  1.5856951e+000
  6.3272807e-001  7.1317257e-001
 -9.0710293e-001 -6.0517115e-002
  1.3602209e+000  9.3319853e-001
  1.3144294e+000  8.2240703e-001
  8.5336625e-001  1.1216826e+000
  1.4226044e+000  5.9702183e-001
  1.2559401e+000  8.0686117e-001
  1.0228079e-001  1.0834232e+000
  1.6214012e+000  1.1911091e+000
  2.2922015e+000  1.3278035e+000
  2.1463257e+000  5.8632624e-001
  1.6924162e+000  1.4491696e+000
  4.7769027e-001  1.4612244e+000
  7.4082660e-001  3.9455811e-001
  4.9666049e-001  3.8195845e-001
  6.3411021e-001  6.8515399e-001
  6.2089898e-001 -3.5124867e-001
 -4.6129927e-001  2.9538291e-001
  7.0000340e-001  6.4879922e-001
  1.5933249e+000  1.3860511e+000
  2.5042909e+000  4.4768812e-001
  2.5099481e+000  3.0941840e-001
  6.7229396e-001  1.2246617e+000
 -1.7978661e-001  5.9078473e-001
 -8.5774692e-001  1.0609710e+000
  3.0587170e-001  1.4358321e+000
  2.1201242e+000  1.5811512e-001
  1.4136572e+000  1.4194987e+000
  5.7397418e-001  1.4424488e+000
  5.1744736e-001  7.5104560e-001
 -1.1251430e+000  9.1196722e-001
 -5.2438352e-001  7.5841473e-001
  9.6975207e-001  9.3217348e-001
  1.9176126e+000  2.2986090e-001
  9.3830068e-001  3.2840088e-001
  1.4993311e+000  1.4185964e+000
  1.6489074e+000  1.2349821e+000
  2.3585030e+000  1.3089440e+000
  5.5382502e-001 -2.5320541e-001
  1.5705242e+000  4.6687185e-001
  8.1386510e-001  1.0326807e+000
  1.4033831e+000  8.2108203e-001
  1.1094986e+000  1.0734660e+000
  9.4787533e-001  1.1641671e+000
  1.9313743e+000  5.9254904e-001
  1.4788289e+000  1.4149644e+000
  1.8073319e+000  1.5574317e+000
  1.0862870e+000  1.1536506e+000
  2.3422717e+000  6.8924309e-001
  2.3053711e+000  4.6716889e-001
  1.1248492e+000  7.5772519e-001
  4.9123941e-001  1.3965293e+000
  4.5322318e-001  1.2183056e+000
  2.1305594e+000  7.8549001e-001
  2.7498430e+000  1.2147051e+000
  2.0473422e+000  6.7434300e-001
  1.8534078e+000  1.0413561e-001
  1.0816580e+000  4.6506808e-001
  1.3110790e+000  2.5086442e-001
  8.9795999e-001  9.0423471e-001
  9.6263038e-001  7.3856617e-001
  1.3737609e+000  1.2014806e+000
  1.9341841e+000  1.3743874e+000
  5.3652823e-001  7.0170373e-001
  2.4136567e+000  5.2622051e-001
  1.5518161e+000  2.7659091e-001
  1.6369234e+000  5.8651213e-001
  4.5233103e-001  1.0349655e+000
  5.8742628e-001  1.1595503e+000
  1.0901503e+000  1.5338086e+000
 -1.4118642e-001  1.1950666e+000
 -4.4920556e-001  7.4013209e-001
 -1.1547600e+000  1.0703269e+000
  1.4881215e+000  1.0312823e+000
  1.7970124e+000  1.8017058e-001
  7.6974427e-001  7.3542963e-001
  1.6547953e+000  7.3929054e-001
  1.7780114e+000  1.7354790e+000
 -5.0540050e-001  9.7465939e-001
 -3.3361164e-001  4.5485523e-001
 -2.1846133e-001  6.3454598e-001
  2.2686853e+000  1.5482459e+000
  2.2946847e+000  1.1563186e+000
  1.9208103e+000  2.0015462e+000
  1.9932031e+000  6.7703905e-001
  1.1543711e+000  1.3801828e+000
 -7.1342718e-001  9.0583721e-001
  1.5785082e+000  7.4952894e-001
  3.1323841e-001  1.4252570e+000
  1.5518839e+000  1.9763971e+000
  1.3263912e+000  4.1626734e-001
  1.1673033e+000  9.5137809e-001
  1.7311568e+000  7.0222405e-001
  4.2830157e-001  1.0837514e+000
  5.7510225e-001  1.0428295e+000
  1.5852673e+000  1.0649921e+000
  1.4123566e+000  1.3376224e+000
  1.5851965e+000  1.1299506e+000
  5.5619353e-001  1.1628999e+000
  2.5066799e+000  7.1826974e-001
  1.8240708e+000  8.1141494e-001
 -9.7693754e-002  7.6431582e-001
  6.4143593e-001  1.3093906e+000
  1.3967476e+000  1.9348374e+000
  1.2420583e+000  1.3876077e+000
  1.7796594e+000  5.9598984e-001
 -5.7514082e-002  2.5989277e-001
  2.6609098e+000  1.9067251e-001
 -5.9744309e-001  1.4486276e+000
 -2.0583558e-001  2.5451670e-001
  1.3391441e+000 -2.2876584e-001
  1.0689922e+000  5.7424789e-001
  1.4531122e+000 -1.0754135e-001
  1.4634204e+000  1.5575185e+000
  1.1976800e+000  3.7284143e-001
  4.8707236e-001  1.1817117e+000
  7.0046047e-003  9.4214792e-001
  2.0030806e-001  6.1785453e-001
  1.8913047e+000  9.4945810e-001
 -6.1328099e-001  8.4131166e-001
  1.6782727e+000  6.2443766e-001
 -6.9626422e-001  1.5109094e+000
  1.2647523e+000  8.1004980e-001
  3.0165070e+000  1.3648176e+000
 -6.6757893e-001  1.0677277e+000
  1.1108675e+000  1.0750393e+000
  2.0392379e+000  8.8345563e-001
  7.8794943e-001  7.7517908e-001
  4.2615407e-001  1.3721191e+000
  1.9771276e-001  1.4027930e+000
  4.1862878e-001  1.3627262e+000
  1.2487059e+000  1.5266712e+000
  3.2264400e-001  1.5896893e+000
  1.3555625e+000 -8.0820159e-003
  2.9681859e+000  7.7465360e-001
  1.5794663e+000  1.6285104e+000
 -7.4132565e-002  1.0934839e+000
  2.2605732e+000  6.3658090e-001
  2.4999290e+000  1.4595225e+000
  7.1873450e-001  1.2553332e+000
  1.5045727e+000  1.0547219e+000
  2.0338771e+000  1.1419976e+000
 -5.0464867e-001  3.7049269e-001
 -1.3408345e+000  1.9007071e+000
  1.2584243e+000  4.1770290e-001
  4.7620066e-001  1.2169266e+000
  1.2280349e+000  1.7129085e+000
  1.3198546e+000  1.6959185e+000
  4.7166412e-002  4.4905275e-001
  2.4502422e+000  1.8904386e+000
  5.7068464e-001  9.8710700e-001
  1.0996298e+000  4.0269335e-001
  2.1505691e+000  1.3877786e+000
  2.0943940e+000  9.7239400e-001
  1.1326248e+000  2.1458059e+000
  2.5941153e-001  9.9019984e-001
  6.2863080e-001  9.3733964e-001
 -1.9820664e-001  1.9686693e+000
  5.2687192e-001  9.4571152e-001
  7.1212321e-001  8.0677995e-001
  6.9194758e-001  3.1792445e-001
  4.2571386e-001  1.1515467e+000
  9.3193422e-001  1.4792011e+000
 -3.9927047e-002  1.5411335e+000
  7.3049578e-001  5.5574624e-001
 -6.4264739e-002  1.2502520e+000
  2.5343880e-001  7.1144125e-001
  9.8785596e-001  6.1436573e-001
  1.2837751e+000  1.9075647e+000
  8.4713419e-001  7.8190578e-001
  1.3832624e+000  3.6539728e-001
  9.6886793e-004  6.0852415e-001
 -1.3746268e+000  5.1537198e-001
  6.7585281e-001  1.2603616e+000
  1.4735557e+000  3.3849013e-001
  1.5711417e+000  1.2053567e+000
  1.1397009e+000  1.8871871e+000
  9.0030085e-001  7.3751524e-001
  4.9783638e-001  6.7446980e-001
 -1.4111879e-001  1.1131088e+000
  2.3356619e+000  6.7655890e-001
  2.3950091e+000  3.5782585e-001
  1.8292852e+000  1.6206982e-001
  1.0724085e+000  6.3861542e-001
  6.6180994e-001  1.1042799e+000
  1.0173899e+000 -7.6499471e-001
  2.6977450e+000  1.4810023e+000
  7.3492727e-001  9.9689453e-001
  9.3801488e-001  2.7682863e-001
 -7.9988850e-001  7.8963026e-001
  1.3579421e+000  9.0475884e-001
  1.3848666e+000  1.2264033e+000
  1.3451886e+000  1.4354746e+000
  2.6767214e+000  1.8861011e+000
 -4.2604442e-001  7.5172094e-001
  7.3730961e-001  7.6235530e-001
  5.7379590e-001  1.3551996e+000
  2.0378085e+000  4.1793782e-001
  1.3217923e-001  1.8379149e+000
  1.5069785e+000  1.3544830e+000
 -1.1342799e+000  1.4201399e+000
  3.8553425e-001  1.4073519e+000
  1.6996299e-001  1.9464775e+000
  2.1909324e+000  1.7637051e+000
  9.5999163e-002  8.5375490e-001
  6.7904982e-001  1.1787477e+000
  2.0167808e+000  1.7109439e+000
  1.4158322e+000  8.4057133e-001
  6.4081350e-001  1.4861592e+000
 -2.5392531e-002  1.4568219e+000
  1.3873704e+000  6.7606640e-001
  1.4061002e+000  6.1127819e-001
 -3.5341523e-002  7.9389876e-001
  1.1430077e+000  1.4155472e+000
  6.4950342e-001  3.6540243e-001
  7.7881413e-004  8.5918697e-001
  1.8443860e-001  2.0563119e+000
 -2.9263015e-002  1.1133253e+000
  1.7983264e+000  1.3578986e+000
  8.1255931e-001  2.1627792e-001
  7.7329775e-001 -3.4594783e-001
 -5.1738438e-001  1.3486628e+000
  2.8528986e+000  1.3229277e+000
 -7.2519930e-001  6.1060644e-001
  2.1608995e-001  9.2662700e-001
  1.1294716e-001  1.6206683e+000
  1.8380772e+000  1.1060950e+000
  8.0034329e-001  8.9250773e-001
  2.0324747e+000  1.1624153e+000
  4.4219077e-001  9.3930351e-001
  5.4816870e-001  1.0985077e+000
  2.6070127e+000  1.2676665e+000
  8.1600753e-001  1.9998280e+000
  6.1557824e-001  9.2872869e-001
  1.7247886e-001  5.2120448e-001
  7.2668998e-001  1.6652998e+000
  8.3106597e-001  6.6692646e-001
  9.0064721e-001  1.3666380e+000
  2.8928235e+000  1.6134756e+000
  1.4213147e+000  5.8767183e-001
  1.6138278e+000  1.0650985e+000
  3.2991555e-001  3.7301108e-001
  1.8863965e+000  1.0229391e+000
  1.3204122e+000  9.7204162e-001
  7.6649433e-001  1.2255644e+000
  1.6746797e+000  9.3163643e-001
  5.8774829e-002  1.4119197e+000
  2.0621120e+000  1.8600677e+000
  1.6180444e+000  1.5738618e+000
  2.3534624e+000  1.2191580e+000
  1.6181795e+000  1.6907530e+000
  1.0561651e+000  1.6903261e+000
  2.7392092e-001  7.4716076e-001
  4.9738892e-001  1.6263810e+000
 -2.8617203e-001  9.8911754e-001
  2.0334633e+000  1.2256175e+000
  4.3210864e+000  1.5868302e+000
  1.3655386e+000  4.4249071e-001
  2.0540852e+000  1.1255307e+000
  1.9909679e+000  7.3320668e-001
  1.1597273e+000  1.4668457e+000
  1.3672363e+000  1.6353751e+000
 -7.8153761e-001  1.3511454e+000
  1.5455574e+000  2.4965794e-001
 -2.7574608e+000  8.6866727e-001
 -1.0589985e+000  5.8781548e-001
  1.0455799e+000  1.2579955e+000
  1.7106295e+000  9.9165228e-001
  4.2456568e-001  1.5064844e+000
  1.3030558e+000  5.5477934e-001
  1.9157843e+000  1.6457901e+000
  9.8232883e-001  1.6569790e+000
  7.8185944e-001  9.5931234e-001
 -2.1961610e-001  8.5721874e-001
 -6.2009676e-001  1.1101257e-001
  1.8034162e+000  7.6724436e-001
  6.3646089e-001  7.1687486e-001
  7.4998650e-001  7.6813280e-001
  2.3301572e-001 -2.3845337e-001
  1.9850565e-001  8.7242706e-001
  6.4512843e-001  1.3565029e+000
 -1.6115286e+000  1.3382240e+000
  8.5660878e-001  8.8731581e-001
  7.0111725e-001  1.2792988e+000
  1.5908620e+000  1.2902447e+000
  1.5696599e+000  1.3867271e+000
  1.1116507e+000  1.0384498e+000
  2.0188224e+000  7.6974625e-001
  2.4780434e+000  5.1620306e-001
  2.0030627e+000  1.1603330e+000
  1.3334441e+000  2.0005743e+000
  4.1656831e-001  6.6973518e-001
 -4.0598604e-002  1.6601028e+000
  2.5867092e+000  8.2276049e-001
  1.5955342e+000 -3.6451606e-001
  2.7570906e-001  1.3601020e+000
  9.5846730e-001  1.2153670e+000
  6.0693956e-001  1.4038367e+000
  2.4294231e+000  5.5944336e-001
  1.1506204e+000  4.0611225e-001
  1.0819810e+000  1.1437021e+000
  8.1062498e-001  1.5143290e+000
  8.4346553e-001  7.6025976e-001
  1.1098607e+000  1.3257583e+000
  1.2725857e+000  1.7114805e+000
  5.1082877e-001  9.0636140e-001
 -2.8977091e-001  1.4159946e+000
  3.6621544e-001  1.8917563e+000
  2.6800887e+000  1.5377311e+000
  2.1790092e+000  1.0630305e+000
  2.2532078e+000  1.0093991e+000
  8.2410161e-001  1.0336606e+000
  8.4962188e-001  7.8845335e-001
 -5.9221592e-001  1.2356734e+000
  2.3630694e-001  1.3081745e+000
  1.9330484e+000  1.3292937e+000
  1.7617496e-001  2.8645780e-001
  2.2738722e-001  7.4062498e-001
  8.5413096e-001  2.3950655e-001
  1.0822728e+000  3.3690139e-001
  9.5962018e-001  1.7184886e+000
 -1.1473822e+000  1.6466897e+000
  1.2683492e+000  1.3876867e+000
 -1.3837078e+000  1.5331548e+000
  1.7089500e+000  7.5503460e-001
  1.3534990e-001  1.7499662e+000
  2.1350421e+000  1.4763528e+000
  1.3375356e+000  1.3705192e+000
  1.9556965e+000  1.5386018e+000
  3.9078964e-001  9.5173322e-001
  2.6458320e+000  6.9874838e-001
 -7.7402400e-002  1.0248577e+000
 -4.2915168e-001  1.2161419e+000
  1.3129879e+000  1.0600485e+000
  5.3113548e-001  1.6062684e+000
 -1.8462541e+000  1.6422592e+000
  2.2177472e+000  5.5964348e-001
  8.5433526e-001  1.5976766e+000
 -9.8242550e-002  9.4979190e-001
  3.3029149e+000  1.0063880e+000
  7.6217766e-001  1.2092303e+000
  2.3081014e+000  1.2429511e+000
  1.5257936e+000  2.3333348e+000
  2.6547678e-001  1.8019378e-001
  1.6826553e+000  1.1554499e+000
  2.8607599e+000  1.7679973e+000
  1.4184664e+000  9.3077909e-001
  1.3953752e+000  3.7232916e-001
  2.0581029e+000  1.1149564e+000
  1.1598572e-001  9.7226770e-001
 -9.4579304e-001  5.5605147e-001
  9.4461996e-001  3.2972360e-001
  1.6047913e+000  3.7693430e-002
 -1.0376795e+000  8.8904078e-001
  5.0376017e-001  6.4421316e-001
  1.2063511e+000  9.4684503e-001
 -2.4389795e-002 -1.9966029e-001
  6.0323186e-001  1.8103255e+000
  1.6023202e+000  2.9315697e-001
  1.0221305e+000  3.0471606e-001
  1.6196084e+000  9.3525486e-001
  1.7194628e+000  9.5977989e-001
  1.5378882e+000  2.9289414e-001
  7.6908007e-001  1.3026062e+000
  1.2987470e+000  7.8886026e-001
  1.3575253e+000  4.2406938e-001
  1.7709748e-001  8.4093481e-001
  2.8311182e+000  3.5718632e-001
  8.1145598e-002  7.3802096e-001
  7.1390099e-001  3.7065996e-001
  1.2439863e+000  1.0025772e+000
  1.3726577e+000  1.0722563e+000
  2.7092610e+000  1.3427564e+000
  1.6432524e+000  5.9943612e-001
  1.1636643e+000  1.2570056e+000
  2.2515451e+000  1.5668669e+000
  2.0125586e+000  7.3621735e-001
  1.1558459e+000  8.2414065e-001
  1.0641226e+000  1.1839639e+000
 -2.2336410e-001  1.0306353e+000
  1.9777501e+000  5.2305966e-001
  6.8054694e-001  1.1365721e+000
  2.3242283e+000  1.5070502e-001
  1.7339806e+000  1.0391146e+000
  2.4978165e+000  7.1105059e-001
  1.9634958e+000  1.5486121e+000
  7.0157616e-001  8.7852719e-001
  2.1466190e+000  1.6960259e+000
 -1.0438084e+000  4.9782878e-001
  1.8172233e+000  4.7777477e-001
  1.5520012e+000  3.8101851e-001
  3.1568732e+000  1.0092275e+000
  7.9296592e-001  1.0141517e+000
  2.9099829e+000  1.4704620e+000
  1.5211813e+000  1.0164251e+000
  3.7618167e-001  8.3418549e-001
  2.9980373e-001  1.4016801e+000
  8.9557107e-002  4.2482354e-001
  9.6018536e-001  9.2009751e-002
  2.8280956e+000  1.9233349e+000
  2.5921492e-001  6.6343410e-001
 -8.6144350e-001  7.8732225e-001
  3.4565017e-001  7.8479479e-001
  2.1807976e+000  7.5267810e-001
  9.4384745e-002  4.4230320e-001
  9.2061140e-001  2.3959533e-001
  8.4270605e-001  1.1767499e+000
  1.5817571e+000  2.9826687e-001
  2.1447322e+000  1.2204799e+000
  3.7728442e-001  1.2243232e+000
  5.7795692e-001  1.7759064e+000
 -6.9193709e-001  3.1961423e-001
 -5.2771932e-001  1.3067368e+000
  1.6761103e+000  9.0148583e-001
  1.7711036e+000  8.7028944e-001
 -1.7355024e+000  7.3119689e-001
 -2.7725220e-001  1.2586706e+000
  5.0592593e-001  4.9061271e-001
  1.3889719e+000  4.0826759e-001
  2.9423411e+000  1.7017494e+000
  1.7154441e+000  1.2691964e+000
  9.2550995e-001  1.0200083e+000
  1.4875280e+000  1.2021862e+000
  1.1260536e+000  7.7283025e-001
  1.1408191e+000  1.8802133e+000
  1.5769010e-001  1.3247850e+000
  1.2001547e+000  9.2465136e-001
  7.8694218e-001  4.3440479e-001
  2.3107773e+000  1.3848509e-001
 -1.9127132e-001  9.3447251e-001
  1.7857362e+000  1.5046424e+000
 -2.1292438e+000  1.5347508e+000
  1.3350712e+000  9.4346998e-001
  1.8149774e+000  7.3759765e-001
  2.1824887e-001  7.3551172e-001
  2.0136893e+000 -1.3258268e-001
  1.0117424e+000  1.1571599e+000
  9.1049075e-002  9.9867408e-001
  3.3390135e-001  7.3201771e-001
  1.9321520e+000  6.1961512e-001
  2.4961994e+000  6.2007572e-001
  2.5785678e-001  7.0365497e-001
  2.3651860e+000  1.0556469e+000
  2.1006862e+000  5.5223860e-001
  1.1478372e+000  5.9137967e-001
  6.7597557e-001  5.3345002e-001
 -4.1275525e-002 -1.7812934e-001
  1.8648220e+000  1.5634965e+000
  1.7819361e-001  1.0643350e+000
  4.2568401e-001  6.9337568e-001
  7.9541712e-002  7.2027858e-001
  4.4483731e-001  1.7835119e+000
  1.3331074e+000  7.2226341e-001
  8.1990392e-001  1.9139665e+000
  1.1719583e+000  1.1640957e+000
  1.7853899e+000  6.3437131e-001
  1.1434991e+000  1.1777063e+000
  3.1151936e+000  3.4166047e-001
  3.8744859e-003  1.1064405e+000
 -2.6105734e-001  9.6395186e-001
  1.3113910e+000  9.4770829e-001
  1.9199119e+000  7.6181359e-001
  3.4362778e+000  1.1089787e+000
  6.6630128e-001  2.6074767e-001
  1.4363193e+000  1.3910939e+000
  1.8554763e+000  1.3263144e+000
  1.9821682e+000  1.3076451e+000
  2.2364055e+000  1.7243028e+000
  1.3944152e+000  1.2160760e+000
  1.6408436e+000  8.8539202e-001
  1.4120330e+000  1.5917949e+000
  7.5481084e-001  9.8821602e-001
  5.5687822e-001  1.2454086e+000
  8.4842442e-001  7.2899545e-001
  2.4571655e-001  2.2307855e-001
  1.4345399e+000  2.1430304e-001
 -5.0888672e-001  1.1558569e+000
  2.9618293e+000  1.5557567e+000
  1.4486529e+000  6.9159184e-001
  1.1089780e+000  1.7748142e+000
  2.9007186e+000  1.8632354e+000
  4.4422656e-001  1.1293762e+000
  9.2742605e-001  1.1693928e+000
  8.8069804e-001  1.4531937e+000
 -5.0705858e-002  6.7617639e-001
  1.8924686e+000  1.0480848e+000
  1.0272049e+000  1.0150194e+000
  1.9175016e+000  3.7968680e-001
 -5.6343106e-001  1.3431353e+000
  1.9120730e-001  9.4719283e-001
  1.1382896e+000  4.8814167e-001
 -3.3669084e-001  1.6537320e+000
  1.3773988e-001  1.4256346e+000
  1.4790876e+000  1.3677686e+000
  2.1297633e+000  1.2099862e+000
  7.5727585e-001 -7.0750942e-002
  6.4262021e-001  5.9157342e-001
  1.5714256e+000  1.0794139e+000
 -2.0552605e+000  1.1834608e+000
  1.6167100e+000  1.1244984e+000
  2.5959516e+000  1.0235306e+000
  1.7900283e+000  9.6555106e-001
  9.6109316e-001  1.3036049e-001
  2.0127240e+000  1.2845883e+000
  1.0963145e+000  1.4621727e+000
  1.2029908e+000  1.3588508e+000
  1.2506209e+000  1.2160525e+000
  1.3311009e+000  2.7327392e-001
  2.0441295e+000  1.0457253e+000
  2.3190208e+000  8.5558379e-001
  2.6482968e+000  1.2065887e+000
  3.9946387e-001  4.4130127e-001
 -1.1082135e+000  8.1777665e-001
  2.5205972e+000  1.3492873e+000
 -7.6793293e-001  9.2054736e-001
  2.1375633e+000 -3.7008889e-001
  1.0494561e+000  3.0437445e-001
  2.0442162e+000  1.5509217e+000
  1.8343453e+000  6.6325250e-001
  8.1447635e-001  8.3307796e-002
  2.0636113e+000  8.1614143e-001
 -4.2727496e-001  8.3809175e-001
  2.0529462e+000  1.1875838e+000
  1.4505076e-001  1.4193868e+000
  2.0936220e-001  1.3477754e+000
  2.1909984e-001  9.2079050e-001
  1.2872518e+000  2.0792815e+000
  1.2283552e+000  2.6747702e-001
 -8.8974059e-001  6.3387087e-001
  1.5272235e+000  5.5352690e-001
 -3.6825520e-001  1.0765538e+000
 -7.2192778e-001  5.0589156e-001
  1.1259792e+000  1.0824036e+000
  8.5285785e-001  8.2528383e-001
  1.0174166e+000  5.8346951e-001
 -7.5274495e-001  9.2942183e-001
 -2.4679214e-001 -3.5490856e-001
  4.8719416e-001  7.5722320e-001
  2.9218582e+000  4.2083279e-001
 -4.2499953e-001  7.6532833e-001
  1.4288796e+000  1.2633645e+000
  1.7244900e+000  5.5912950e-001
  2.4088110e+000  1.1851077e+000
  2.0340252e+000  1.0432790e+000
  7.9619481e-001  1.7789059e+000
 -6.0864799e-001  1.0582801e+000
  2.5679498e+000  1.5505215e+000
  7.3799237e-002  2.0614684e+000
  3.2635251e-001  3.1489417e-001
  5.4843365e-001  5.3516504e-001
  1.3645263e+000  3.7563116e-001
  4.4519604e-001  1.8008190e+000
  2.3000097e+000  4.6317101e-001
  5.8642794e-001  6.8317304e-001
  2.1885401e-001  1.3522024e+000
  1.4911831e+000  5.8062644e-001
  2.4726073e+000  2.1857359e+000
  9.6584646e-001  7.0874414e-001
  4.6011519e-001  1.7324588e-001
  2.9522083e-001  1.8433129e+000
  1.7237567e+000  2.0362644e+000
  7.3617047e-001  1.1399912e+000
 -4.6848854e-001  7.3207580e-001
  1.9860976e+000  1.0199198e+000
  9.7765809e-001  4.1784926e-001
  2.1299650e+000  5.1313605e-001
  1.0127081e+000  7.1299580e-001
  1.2495484e+000  1.1113499e+000
  1.2199758e+000  1.1403418e+000
  2.5772852e+000  1.3254554e+000
  1.5419559e+000  1.1176539e+000
  1.7154574e+000  6.1963041e-001
  1.5903497e+000  1.5713302e+000
  1.1738140e+000  5.9951527e-001
  1.6070602e+000  1.0024638e+000
  6.1378980e-001  4.5276579e-001
  9.6930757e-001  1.8097535e+000
  1.6378473e+000  1.5415186e+000
  1.8155637e-001  1.0165943e+000
  1.9231658e+000  1.0336815e+000
  2.9700672e-001  1.0849896e+000
  4.9195307e-001  1.0754528e+000
 -7.5892229e-002  1.4960703e+000
  5.2844434e-001  1.0911719e+000
  2.3611020e+000  1.5412266e+000
  2.2809166e+000  2.4641898e+000
  7.3906544e-001  1.0078542e+000
  7.5183863e-001  1.5874320e+000
 -1.0973492e-001  1.2523338e+000
  7.0437635e-001  2.6300056e-001
  4.4032162e-001  9.4855269e-001
  1.0912630e+000  1.5787955e+000
  6.7898778e-001  1.2636375e+000
  1.1791191e+000  7.8143680e-001
  1.0482168e+000  6.7340443e-001
  6.4073726e-001  8.0058341e-001
  8.2891955e-001  8.6553321e-001
  2.1730445e+000  2.2508674e-001
  1.8177426e+000  2.4455829e-001
 -2.7028578e-002  1.5817227e+000
  1.7550122e+000  1.5744681e+000
  8.0960226e-001  4.8220005e-001
  1.1420207e+000  1.0120070e+000
  1.5108684e-001  1.1996112e+000
  7.8717640e-001  1.3713640e+000
  8.4718537e-002  4.0423876e-001
  1.9996643e+000  1.3170085e+000
 -7.6559629e-001  8.3619247e-001
  2.9043786e+000  7.8135854e-001
  1.3359689e+000  1.7107494e+000
  1.4143572e+000  1.7268824e+000
  9.3496770e-001  8.6927348e-001
  2.2168171e+000  1.7602031e+000
  2.6712982e+000  3.0979647e-001
  2.7725822e-001  9.7047132e-001
  1.9373688e+000 -2.2597936e-001
  1.5055115e+000  2.5316096e-001
  5.5894939e-001  3.9135055e-001
  3.2235604e-001  3.0548031e-001
  3.1469356e-001  6.9494996e-001
  5.7066532e-001  8.1657970e-001
  2.5490395e+000  7.7152583e-001
 -5.7189872e-001  3.7849825e-001
  2.5060103e-001  2.0614466e-001
  8.7600299e-001  8.3409071e-001
  1.1018579e+000  2.0046693e+000
  1.8756934e+000  1.1619355e+000
  1.5074816e+000  6.8059114e-001
  1.0536146e+000  1.0829398e+000
  8.5692449e-001  1.3489200e+000
  2.3534337e+000  7.4749245e-001
  6.5890939e-001  1.2069106e+000
  8.0636774e-002  6.8468944e-001
 -5.4124964e-002  1.6627473e+000
  1.8152021e+000  6.2961514e-001
  1.7260238e+000  2.1209116e-001
  1.2005876e+000  5.0442546e-001
  1.2540399e+000  8.6214650e-001
 -3.6399883e-002  9.0127768e-001
  1.2705750e+000  2.4476521e+000
  2.2669794e+000  2.3086765e-001
  8.5123335e-001  1.3329310e+000
  2.3453275e-001  1.4215486e+000
  6.0188395e-001  1.6367618e+000
  1.2944956e+000  9.1295010e-001
  9.5035517e-001  1.5486768e+000
  6.0180643e-001  1.3691340e+000
  1.4252918e+000  8.7382950e-001
  5.0500133e-001  8.7628738e-001
  1.5024851e+000  3.4145304e-001
  1.0862484e+000  1.5965330e+000
 -3.5745754e-001  7.7407252e-001
  1.9513319e+000  9.7500078e-001
  4.9406444e-001  1.9811348e+000
  2.4394111e+000  1.4863952e+000
  5.1861593e-001  2.0570283e-001
  1.1636496e+000  1.4695097e+000
  5.8822758e-002  9.2444131e-001
 -9.4779469e-001  7.4935027e-001
  1.0518807e-001  1.3418056e+000
 -6.3556645e-002  8.9111086e-001
  1.8146835e+000  1.5752142e+000
  1.2414890e+000  1.5682920e+000
  7.3486475e-001  7.4041583e-001
  2.4854090e+000  2.1096338e+000
  3.2247310e+000  1.4739417e+000
  4.9344671e-001  6.1278794e-001
  1.3865064e+000  1.0025385e+000
  5.6505911e-001  8.5345297e-001
  1.1313835e+000  1.1785329e+000
  9.4052351e-002  1.1612681e+000
  1.7019466e+000  1.3475328e+000
  8.8418154e-001  2.3129945e-001
  2.3857577e+000  1.8624056e+000
  2.7025810e+000  1.1569905e+000
  2.9857840e-001  2.4853202e+000
  2.4421495e+000  4.5552554e-001
  1.5835158e+000 -1.4961102e-001
  2.1400510e+000  1.3598732e+000
  3.1326692e+000  4.9749686e-001
  3.1517473e+000  1.3804853e+000
  1.5378303e+000  1.1938474e+000
 -2.2068039e+000  1.2966588e+000
 -3.0861839e-001 -4.9957551e-002
  1.5560974e+000 -1.5246557e-001
  8.3162669e-001  4.9954647e-001
  1.3383103e-001  1.3403131e+000
 -1.0400992e-001  1.4274709e+000
  2.3926577e+000  1.5590500e+000
  1.5967593e+000  5.1111291e-001
  1.2508312e+000  1.0396380e+000
  8.4377966e-001  4.2415564e-001
  2.6729678e-001  2.2665023e-001
  3.0090706e+000  1.0269338e+000
  1.3036580e+000  4.6214249e-001
 -4.8549007e-002  1.3659750e+000
  1.6127051e-001  6.2200307e-001
  1.5652912e+000  1.5429832e+000
  1.9179609e-001  5.1025703e-001
 -8.3264789e-002  1.8232990e+000
  1.4992333e+000  1.2294140e+000
 -2.9559437e-001  1.1853308e+000
  2.1171676e-001  1.4571773e+000
  2.1468408e+000  8.6543058e-001
  1.7811271e+000  4.6705867e-001
  1.4689472e+000  1.3832585e+000
  1.2632193e-001  1.4734746e+000
  9.9513019e-001  8.9351577e-001
  6.0475700e-001  9.0107503e-001
 -4.8800012e-001  1.2412475e+000
  1.7380867e+000  1.0457043e+000
  2.0641724e+000  1.1020489e+000
 -1.7480710e-001  5.9787640e-001
  7.6275205e-001  6.0493461e-001
  9.7678494e-001  1.0143335e+000
  1.0211757e+000  8.0102603e-001
  1.0514975e+000  1.4251363e+000
  1.5399635e+000  1.0408562e-001
  4.2411177e-001  4.5465269e-001
  7.6075702e-001  9.7133936e-001
  1.3536599e+000  7.3173454e-002
 -4.9575973e-001  1.2486877e+000
  9.8504917e-001  5.1948829e-001
  1.8328294e+000  1.1428600e+000
  1.8952238e+000  1.3905592e+000
  1.5159403e+000  1.5709912e+000
  8.3599254e-001  8.2025916e-001
 -3.3546548e-001  4.9926446e-001
  6.1647562e-001  2.1370518e+000
  1.2954317e+000  6.5335177e-001
  6.2026377e-001  1.0637143e+000
  1.1687839e+000  1.5693756e+000
  3.0622602e+000  1.4146911e+000
  1.5383407e-001  4.7506490e-001
  3.7080383e+000  5.8942963e-001
  1.9123561e+000  1.0415327e+000
  1.9159742e+000  6.1068321e-001
  2.2131485e+000  6.6325459e-001
  1.2459781e+000 -3.5091649e-002
  1.9700861e+000  1.8358703e+000
  2.9881330e+000  3.3074643e-001
  7.0055471e-001  7.1461356e-001
  1.3758640e+000  2.4446735e-001
  1.6006722e+000  6.7120326e-001
  3.1245197e+000  8.7844922e-001
  2.0220525e+000  1.2251918e+000
  1.6929370e+000  2.2934599e-001
  1.8500328e+000  6.6678787e-001
  2.1388306e+000  5.0875909e-001
  6.1477125e-002  6.9926087e-001
 -6.6587954e-001  1.0648144e+000
  2.1116993e+000  7.6659227e-001
  3.1310363e-001 -1.2714888e-001
  1.9806685e-001  1.5124115e+000
  5.1689869e-001  6.2566753e-001
  1.3030714e+000  1.2933325e+000
 -1.2829062e+000  9.1233378e-001
 -1.6496188e+000  7.0457358e-001
  1.0526196e+000  1.1028774e+000
  1.5305597e-001  1.4455004e+000
  2.6924873e-001  2.0459780e+000
 -3.5951844e-001  6.2549694e-001
  1.2700633e+000  6.8842123e-001
  3.6622272e-001  2.4896447e-001
  1.3321742e+000  8.6275165e-001
  3.7082087e-001  4.0587730e-001
  8.7660785e-001  8.1479461e-001
  9.0428337e-002  1.0310921e+000
  1.3552165e+000  1.0302111e-001
  2.3018871e+000 -4.8779960e-001
  1.4709593e+000  9.9799732e-001
 -4.6968078e-001  1.2978642e+000
  5.4712519e-001  1.2882144e+000
  8.3733055e-001  8.7414951e-001
  4.8403606e-001  4.5312428e-001
  1.5072610e+000  8.4952975e-001
  1.5138187e+000 -3.9985012e-001
  1.2207507e+000  6.5065154e-001
  3.5855247e-001  3.1053943e-001
  6.6579323e-001  1.0568567e+000
 -3.5918654e-001  6.4584095e-001
  2.0967604e+000  1.0642283e+000
  1.5613581e+000  1.0612654e+000
  1.1637251e+000  1.7542513e+000
  1.2670019e+000  8.1536835e-001
 -1.3124704e-001  1.4849289e+000
  1.0129691e+000  7.5030506e-001
 -8.7352850e-002  9.4043103e-001
  1.1995323e-001  1.1322407e+000
  7.2847982e-001  1.1322693e+000
 -3.5833322e-001  1.5914302e+000
  1.4362567e+000  1.4103274e+000
  2.8482097e+000  5.2503085e-001
  1.5753066e+000  5.6416193e-001
 -1.1056440e+000  1.1050303e+000
  1.4800012e+000  1.3622744e+000
  1.2037312e+000  1.3068271e+000
  2.8104935e+000  1.1486288e+000
  4.4945058e+000  3.6644637e-001
  1.9328166e-001  1.7439041e+000
  2.3396662e+000  1.1180524e+000
  1.1919243e+000  1.5586483e+000
  1.5523353e-001  1.0171929e+000
  1.3665116e-002  9.8002430e-001
 -5.9203442e-001  1.2537672e+000
  8.8517771e-001  7.1360541e-001
 -1.1913582e-001  8.5741494e-001
  6.8235073e-001  5.4248566e-001
  2.3092152e+000  1.9788163e-001
  4.4081023e-001  1.0426186e-001
  6.7191068e-001  1.0214226e+000
  1.4016105e+000  1.3542981e+000
  1.7034669e+000  1.2400025e+000
  1.6058847e+000  6.3144945e-001
  1.1311079e-001  3.4163809e-001
  7.5062626e-001  1.6610612e+000
  1.6719194e+000  1.4476058e+000
  3.3878105e+000  6.6902058e-001
  6.4165773e-001  9.8560874e-001
 -2.2349237e-001  1.2491694e+000
  1.0152313e+000  1.3051105e+000
 -2.9475661e-001  1.1205221e+000
  2.4502540e+000 -1.2119363e-001
 -1.9418593e-001  1.3317662e+000
  2.8737518e+000  1.1236949e+000
  1.5435193e+000  9.4020416e-001
  1.0239065e-001  2.1962318e-001
  1.4296424e+000  2.7299388e-001
  3.9383833e-001  3.1718401e-001
  1.1757114e-001  7.5366225e-001
  1.6867693e+000  1.6597841e+000
  1.5872407e+000  1.7165943e+000
  9.8072825e-001  1.0101655e+000
  1.4927657e+000  1.0151197e+000
  1.7064492e+000  1.1653374e+000
  2.0867208e-001  1.3038809e+000
  1.4876394e+000  3.3535133e-001
  8.9344991e-001  5.7828331e-001
  2.1534470e+000  1.2184567e-001
  4.8748669e+000  1.7388525e+000
  3.6026077e-001  4.4856760e-001
 -3.7349506e-001  9.2196855e-001
  1.2480354e+000  1.2715399e+000
  7.2728625e-001  1.1405614e+000
  2.8829262e-001  7.1805940e-001
  1.7380781e+000  1.2465065e+000
  2.4282686e+000  5.9550431e-001
  8.6214715e-001  4.2472513e-001
 -6.6420540e-003 -2.2650200e-001
  2.3930351e+000  1.1803785e+000
  1.0920467e+000  5.3967817e-001
 -2.3958502e-001  7.4471273e-001
 -1.0950302e+000  1.8075389e+000
  1.3683112e+000  8.0511329e-001
  1.7952771e+000  7.7905329e-001
 -1.1731688e+000  1.2224631e+000
  6.5254201e-002 -1.2094544e-001
  9.8170332e-001  7.6371070e-001
  1.5083589e+000  1.4443523e+000
  9.2454032e-002  5.9923282e-001
  2.9060753e-001  9.8335544e-001
  2.2232364e+000  7.8817200e-001
  1.2649320e+000  9.9586963e-001
  1.3410474e+000  9.8457172e-001
  3.4629490e-001  2.6364142e-002
  3.9822247e-001  1.3903857e+000
  8.3568473e-001  1.3895925e+000
  1.4155344e+000  2.8421196e-001
  1.9836083e+000  1.3234254e+000
  2.2460617e+000  9.3853679e-001
  1.3186226e+000  1.5597639e+000
 -1.0847700e+000  1.2935962e+000
  1.9934226e+000  7.4297030e-001
  9.3810518e-001  8.7192260e-001
 -9.4703835e-001  7.0908604e-001
 -2.7373602e-001  1.4704634e+000
  4.6018452e-001  1.9571534e-001
 -1.1122913e-001  1.5802275e+000
  2.1367125e+000  8.4137470e-001
 -9.4952856e-001  1.6141029e+000
  2.2568895e+000  9.6783580e-001
  1.7521515e+000  6.9856507e-001
  3.9605747e-001  7.2198097e-001
  1.9538693e-001  7.7211509e-002
  1.7024079e+000  3.5859746e-001
  1.0099835e-001  1.3257548e+000
  2.2093093e+000  1.3067965e+000
  6.4643372e-001  1.0656572e+000
  2.8048011e+000  5.4207687e-001
 -1.3345091e+000  1.1326805e+000
  7.9553646e-001  1.7131547e+000
  1.2960387e+000  1.4955327e+000
  1.4466342e+000  1.1475012e+000
  1.6508936e+000  1.0710627e+000
  1.3406810e+000  9.6498557e-001
  1.1326808e+000  1.2556416e+000
  7.6671360e-001  6.4290993e-001
  1.4164883e+000  8.4169695e-001
 -3.5087969e-002  1.0420342e+000
  2.1273801e+000  9.0332358e-001
  1.4973948e+000  4.1926025e-001
  2.9882925e+000  1.3625756e+000
  1.9326754e+000  9.8512241e-001
  3.4493041e+000  4.6760009e-001
  1.2052974e+000  1.2282291e+000
  1.6229922e+000  8.2406916e-001
  1.7750558e+000  1.4525437e+000
  9.5021668e-001  1.7696272e+000
  1.5880911e+000  1.2628738e+000
  1.0776625e+000  1.3446657e+000
  2.0823638e+000  1.7369327e+000
  8.3842890e-001  3.2191355e-001
  7.7105204e-001  3.9639011e-001
  3.7514175e-001  4.6645508e-001
  2.1105740e-001 -2.9349068e-001
  2.0991921e-001  1.0095897e+000
  1.1049733e+000  1.7422714e+000
  7.3372273e-001  1.3034249e+000
  1.6448637e+000  1.4621510e+000
  7.1363041e-001  2.5548920e-001
  2.6684300e+000  7.0019300e-001
  1.2006054e+000  5.8322701e-001
  1.3848917e+000  7.6560637e-001
  4.9243315e-001  1.2094233e+000
  1.1335019e+000  4.8026151e-001
  3.0223967e+000  2.1086715e-001
  5.1981311e+000  7.0282696e-001
  9.8593508e-002  7.9765374e-001
  1.3624471e-001  9.3438080e-001
  3.7510315e-001  1.6375230e+000
 -4.8981691e-001  1.3957668e+000
  7.6996288e-001  1.3748813e+000
  1.8746339e-001  1.1902126e+000
 -4.7881410e-001  3.1691876e-001
  1.9426429e+000  6.5279594e-001
  1.7403845e+000  1.3575773e+000
  1.2803525e+000  8.8849600e-001
  1.4023868e+000  1.0025398e+000
  2.0946392e-001  1.2835106e+000
  1.6997366e+000  1.9792669e+000
  1.6292189e+000  1.1099236e+000
  1.7269132e+000  1.4272069e+000
 -9.7628460e-001  9.4354113e-001
  2.0850058e+000  1.2397765e+000
  1.9276299e+000  1.0617216e+000
  1.3800212e-001  1.6443297e+000
  5.4818988e-001  1.3067864e+000
  4.4013152e-002  1.7475190e+000
  4.1084094e-001  1.3273844e+000
  8.4430798e-001  1.3832956e+000
  1.0884458e+000  5.7702563e-001
  1.7162348e+000  1.5069546e+000
  2.4716851e+000  9.5884549e-001
  1.0185754e+000  9.5975924e-001
  5.2001854e-001  1.2325099e+000
 -1.8979330e-001  1.2626704e+000
  1.5493127e+000  7.3374225e-001
  2.2442656e+000  3.3790434e-001
  6.8021976e-001  1.0758183e-001
  1.1330273e+000  6.7009882e-001
  3.2821074e+000  7.6657246e-001
 -4.1442352e-001  8.8801570e-001
  5.3754998e-001  3.5421814e-003
  2.7720929e+000  9.3836935e-001
 -1.2519125e-001  8.3519699e-001
  5.9270912e-002  1.1105507e+000
  4.0120518e-001  1.6688029e+000
  1.3427947e+000  1.5847104e+000
 -5.2871276e-001  6.2682966e-001
  2.2238107e+000  9.6639241e-001
 -6.9064796e-001  9.6021827e-001
  7.4599251e-001  7.8730477e-001
 -5.8169037e-002  4.5630936e-001
  2.1400535e+000  8.0226818e-001
  3.6118590e-001  5.2309188e-001
  9.6061036e-001  1.7031991e-001
 -2.0191378e-001  1.6695122e+000
  8.8585575e-001  1.4283754e+000
 -1.6616957e+000  8.1998749e-001
  1.9481310e+000  1.1512362e+000
  1.9944028e+000  1.9645698e+000
  6.7458994e-001  1.1643697e+000
 -1.0740703e+000  5.7376225e-001
  1.0064961e+000  5.9435340e-001
 -4.2386103e-001  2.3556308e+000
 -5.2481932e-001  1.3519961e+000
 -2.6231166e-001  1.1697298e+000
 -4.2752665e-001  9.2307065e-001
  1.2735456e+000  1.4770784e+000
  3.5357123e-001  5.7532635e-001
  1.4474093e+000  6.8378624e-001
  2.6084951e+000  9.5470450e-001
  1.0770967e+000  1.0051296e+000
 -5.6631670e-001  6.5092829e-001
  1.4689945e+000  5.1067940e-001
  1.0467654e+000  1.1574429e+000
  5.1633738e-001  7.3249997e-001
 -5.3622579e-001  1.0423087e+000
  4.1238919e-001  7.5679537e-002
  6.9121112e-001  1.3088316e+000
 -3.0969078e-001  8.4697157e-001
  1.0153449e+000  4.2102921e-001
  2.7247332e-001  2.8680093e-001
  7.6890321e-001  8.6711139e-001
  6.6339007e-001  1.2147773e+000
  1.5696489e+000  3.4116112e-001
  2.5348844e+000 -1.0007748e-001
  7.9146266e-001  1.1532300e+000
  5.2653129e-001  1.0653932e+000
  1.6226160e+000  1.8371277e+000
  2.4890273e+000  8.9439387e-001
  9.1768162e-001  1.1709696e+000
 -1.8201554e+000  7.8069942e-001
  1.6570697e+000  1.0427609e+000
  7.3704870e-001  5.5191945e-001
  2.6209572e-001  1.8052931e+000
 -5.8103222e-001  5.3575653e-001
  7.7162082e-001  1.9117804e-001
 -9.7185055e-001  8.4499844e-001
  6.9876563e-001  1.2200516e+000
  3.6199695e+000  4.1028299e-001
  1.4675457e+000  1.2021708e+000
  3.1299004e-001  6.6082672e-001
  3.9966154e-001  1.6233774e+000
  7.6909972e-002  7.0201004e-001
  1.5098731e+000  3.0717225e-001
  1.8951903e+000  1.0869326e+000
  1.1060906e+000  1.1747712e+000
  8.3514687e-002  1.0608895e+000
 -8.0769435e-001  1.5120480e+000
 -7.8214313e-001  9.5766301e-001
  2.1344017e-001  9.1339550e-001
  6.3236153e-002  5.3622872e-001
  7.8600592e-002  5.0862559e-001
  1.1853861e+000  8.4643484e-001
 -7.2986091e-001  1.3425255e+000
  1.8406183e+000  2.1142220e+000
  2.2728992e+000  1.1555628e+000
  1.8750173e+000  2.7967535e-001
  5.6152018e-001  1.4048278e+000
 -3.0581685e-001  1.3946893e+000
  7.6842778e-001  9.6828763e-001
 -2.9730717e-003  1.1818036e+000
  1.4090009e-001  6.5865388e-001
  1.1426718e+000  1.5167178e+000
  1.9566596e+000  1.3475716e+000
  1.6073176e+000  8.6272452e-001
  1.3800107e+000  1.5027832e+000
  7.5710884e-001  1.2225778e+000
 -2.8946905e-001  1.1828675e+000
  3.4247536e+000  1.1602106e-001
  1.0802822e+000  1.2451329e+000
  1.4828689e+000  8.5356833e-001
  4.5814754e-001  8.5611760e-001
  3.7207788e-001  9.4086594e-001
  1.2856839e+000  6.1212967e-001
  4.3335990e-001  1.5141151e+000
 -3.4842943e-001  9.2830476e-001
  2.6868246e+000  1.5618415e+000
  1.0487804e+000  5.6280267e-001
  2.7581657e-001  1.1300502e+000
 -4.1910430e-001  6.4350692e-001
  4.7656875e-001  2.7639998e-003
  1.4769783e+000  1.3783188e+000
  1.0851498e+000  7.6060885e-001
  1.1063380e+000  9.8391030e-001
  1.2889290e+000  1.6733056e+000
  2.2956978e+000  1.3042886e+000
  3.1540834e-001  1.3429295e+000
  5.5055961e-001  1.1662469e+000
 -7.8756833e-002  1.2387118e+000
  1.0265925e+000  8.5860835e-001
  1.8749207e+000  8.4748917e-001
  1.7368127e+000  1.5145134e+000
 -6.5987498e-001  1.5099666e+000
  1.7791032e+000  5.6230827e-004
  1.2548094e+000  1.5250492e+000
  1.3700468e+000  8.4909418e-001
  8.3561846e-001  1.3908980e+000
  2.0005364e+000  6.0388789e-001
  1.3454499e+000  5.6421308e-001
  1.2865927e+000  5.8567175e-001
  1.2335206e+000  1.3595953e+000
  1.8022211e+000  1.0173640e+000
 -7.7825276e-002  1.2081897e+000
  2.6650795e+000  6.0136722e-001
  3.4826495e+000  1.7945230e+000
  2.0840951e+000  2.4938909e-001
  1.9578638e+000  1.1164005e+000
  1.4719553e+000  1.6227529e+000
  2.2394367e+000  1.0226724e+000
  8.7421012e-001 -8.5616335e-004
  2.2748092e+000  1.3821234e+000
  7.9170447e-001  1.1461406e+000
  1.1797808e+000  1.2730391e+000
  8.3146172e-001  6.1537488e-001
  1.2364622e+000  5.4205238e-001
 -3.9697772e-001  1.2515139e+000
  4.9327522e-001  1.9898660e+000
  8.3052907e-001  9.6643127e-001
  5.1258169e-001  3.3164385e-001
  2.0723751e+000  6.0135342e-001
  1.1351003e+000  1.3249993e+000
  9.7569536e-001  1.4704890e+000
  1.8507637e+000  2.3899093e-001
  1.7686536e+000  8.8494461e-001
  2.8386688e-001  6.7414245e-001
  4.7389915e-001  7.6532807e-001
  5.4097704e-001  1.3342279e+000
  1.8893756e+000  2.0691836e+000
  1.8203294e+000  1.1289492e+000
  1.3129110e+000  9.5570029e-001
  4.7423182e-001  5.8376844e-001
  8.3470204e-001  5.5143406e-001
  1.1507962e+000  1.5202364e+000
  1.1994452e+000  4.5960080e-001
  2.2838399e+000  2.3627391e+000
 -2.4379426e-001  1.1345438e+000
  8.2831436e-001  1.3567788e+000
  1.3608478e+000  1.3810715e+000
  1.2456708e+000  2.8768110e-001
 -3.7798882e-001  3.4711094e-001
 -2.1677226e-001  1.5217430e+000
 -7.5497334e-001  1.3028953e+000
  5.8159353e-001  7.7307321e-001
  2.2935383e+000  4.0244582e-001
  1.0410243e+000  2.2715518e-001
  1.6690277e+000  3.6600702e-001
