  2.0911151e+000  7.9852427e-001
  1.9926015e+000 -4.5770953e-001
  2.0870264e+000  1.3731060e+000
  2.0545438e+000 -1.8818926e+000
  2.0312668e+000 -1.2868153e+000
  2.0256913e+000  3.6133026e-001
  2.0889922e+000  3.7064382e-001
  1.9897507e+000  2.1576861e-001
  1.8491879e+000  2.8724498e+000
  2.0038816e+000  9.1727951e-001
  2.2220455e+000  1.3003588e+000
  1.9843835e+000 -1.1960234e-001
  2.0522407e+000  1.1678090e-001
  1.9671985e+000  3.2657334e+000
  2.0763703e+000  1.2637861e+000
  2.0556828e+000  2.5681920e+000
  2.0228356e+000 -7.5022967e-001
  1.9737977e+000  9.1499525e-001
  1.9304645e+000  1.2862228e+000
  1.8226523e+000  1.1980858e+000
  2.1160892e+000  5.2571283e+000
  1.9762887e+000 -2.5131182e+000
  2.0130969e+000  6.7230395e-001
  1.9877470e+000 -3.9173403e+000
  2.0506341e+000 -1.0628311e+000
  1.8144436e+000  2.2211629e+000
  2.1366103e+000 -2.2758475e+000
  1.9008553e+000 -2.2662442e+000
  2.0583658e+000 -1.2857990e+000
  2.0600506e+000 -9.6414510e-001
  2.0171982e+000  6.8011596e-001
  2.0974314e+000 -8.4747880e-001
  1.9849732e+000  5.3501119e-002
  1.8458334e+000  2.3267861e+000
  2.0274438e+000  8.8130835e-001
  1.8898699e+000  1.2734351e+000
  1.7619083e+000 -1.3626046e+000
  2.0264842e+000 -2.4048305e+000
  2.1050522e+000 -2.2431151e+000
  1.9456292e+000 -3.0734089e+000
  1.9887509e+000  2.0797097e+000
  1.9096944e+000  2.9767198e-001
  1.9743560e+000 -1.5426567e+000
  1.8491736e+000 -7.9763062e-001
  2.0305911e+000  5.0608057e-001
  2.0520085e+000 -2.5287604e+000
  2.0758670e+000 -3.6272222e-001
  2.1593397e+000  4.8264689e+000
  1.8872498e+000 -7.4307585e-001
  2.0409702e+000  8.8048836e-001
  2.0320466e+000 -1.8181883e+000
  2.0516753e+000  9.4079879e-001
  2.0655994e+000 -1.1876211e+000
  1.7848827e+000 -2.7069463e+000
  2.0356981e+000 -1.5554237e+000
  2.0848583e+000 -6.8761279e-001
  2.0034321e+000 -1.4397997e+000
  1.9094366e+000  2.9840472e+000
  1.8403739e+000  3.1864677e+000
  1.9821582e+000 -3.9338393e+000
  1.9830922e+000  4.8037028e-001
  2.0035982e+000  6.5556222e-001
  2.0765041e+000  2.9123652e+000
  2.1056105e+000 -6.1204870e-001
  1.9830569e+000 -4.2781435e-001
  2.0984899e+000  4.2895062e+000
  2.1272882e+000  3.0938312e+000
  2.0609357e+000 -8.3675706e-001
  2.0432598e+000 -2.1463305e+000
  2.0096391e+000 -3.9172923e-001
  2.0070756e+000  2.7580773e+000
  1.9554947e+000  1.0156116e+000
  2.0389428e+000  9.5904655e-001
  2.0418919e+000 -3.1678636e+000
  1.9339171e+000  1.9627480e+000
  1.9286172e+000 -1.9457950e-001
  1.9700287e+000 -7.2365979e-001
  1.9472438e+000  4.1312030e-001
  1.8318162e+000 -2.4963129e+000
  2.0336881e+000 -6.2604642e-001
  2.0715542e+000 -6.3222235e-001
  2.1366445e+000  1.4593950e+000
  1.9825474e+000  1.8539652e+000
  1.9334094e+000 -1.8765674e+000
  2.0576605e+000  8.9202857e-001
  2.1594424e+000 -1.1219732e+000
  2.0811837e+000 -1.0104602e+000
  1.8850958e+000 -2.4053185e+000
  2.1371422e+000 -3.2033971e-001
  1.9901577e+000  1.7773628e+000
  1.9621149e+000  9.6180468e-001
  2.1636567e+000 -1.6612789e+000
  1.9314497e+000 -1.4809493e+000
  1.8793858e+000  3.3462112e+000
  2.0487928e+000  1.9320150e-001
  1.9746296e+000 -1.2614195e+000
  2.0652499e+000  2.4125977e+000
  1.9685018e+000 -4.2405742e-003
  2.1592962e+000 -3.1870456e-001
  1.9822788e+000 -1.2692028e+000
  1.8504419e+000 -6.8476087e-002
  1.9023384e+000  2.1648763e-001
  1.8272418e+000 -2.6452084e+000
  1.8440916e+000 -9.0624262e-002
  2.0019077e+000  7.1386077e-002
  2.0089900e+000 -1.0888581e+000
  1.8323098e+000 -4.2071917e+000
  2.0111097e+000 -2.5029444e-001
  1.9343429e+000  4.7753366e-001
  2.0169397e+000 -1.1253601e+000
  2.0952819e+000 -1.2073953e+000
  1.9960827e+000 -5.4758390e-001
  2.0003455e+000 -2.1427415e+000
  1.9444740e+000  1.4968666e+000
  1.8206138e+000  1.3251915e-001
  1.8440032e+000 -1.0768104e+000
  2.0993621e+000 -1.7367116e+000
  1.8473217e+000 -4.4046158e-001
  2.1983215e+000  1.4597456e+000
  1.8724871e+000 -1.8440301e+000
  1.9824715e+000 -2.0622233e+000
  1.8812716e+000  1.4066082e+000
  2.1193417e+000 -1.3406933e+000
  1.8929665e+000 -3.3055159e+000
  1.9539773e+000 -2.3123364e+000
  2.1641801e+000 -1.3249212e-001
  1.9464022e+000  3.0067152e-001
  2.0224179e+000 -1.5231018e+000
  2.0284322e+000 -1.6180986e-001
  2.1432372e+000  2.6914664e+000
  2.0053077e+000 -1.2417948e+000
  2.0210312e+000 -1.2399847e+000
  2.0021937e+000 -2.2113414e+000
  2.0083823e+000  3.4792744e+000
  1.9246679e+000 -2.0727479e-001
  1.9709193e+000  9.3355460e-001
  1.8815907e+000  4.2953957e+000
  1.8346647e+000  3.3288687e-001
  1.9026615e+000  2.1294112e+000
  1.9422054e+000  8.2985841e-001
  1.8400736e+000 -9.1915799e-001
  2.0351675e+000 -5.6836227e-001
  1.9033081e+000 -1.5804720e+000
  1.9853726e+000  2.5333518e+000
  1.9499497e+000 -6.5661241e-001
  2.0532694e+000  6.6271950e-002
  2.0957592e+000 -5.4078323e-002
  1.7747970e+000 -2.6503729e-001
  1.9550429e+000 -1.1425566e+000
  1.8434172e+000 -3.5062043e+000
  2.0418212e+000  4.7606034e+000
  2.0489635e+000  1.1859261e-002
  1.8743928e+000 -1.0747893e+000
  2.0397287e+000  3.5197517e-001
  2.0377673e+000 -8.8160873e-001
  1.9703110e+000  2.8376576e+000
  2.0544086e+000  1.0528283e+000
  2.2454254e+000 -4.2822724e-001
  1.9973463e+000 -2.5678934e-001
  2.0852590e+000 -1.0340998e-001
  1.7396262e+000 -3.4234998e-001
  2.0324222e+000  2.7371459e+000
  2.0033314e+000  1.1118498e+000
  2.0456752e+000 -1.0327130e-001
  2.0400540e+000  1.5926256e+000
  1.9523789e+000  6.3241051e-001
  1.8176910e+000  1.9848545e+000
  2.0429064e+000 -3.2029889e+000
  2.1809482e+000 -1.3903101e+000
  1.9925417e+000  9.1984840e-001
  1.8868504e+000 -1.2859631e+000
  1.9472376e+000  1.4655762e-001
  1.9706391e+000  3.5130376e+000
  1.9984047e+000 -3.8018996e+000
  2.0231897e+000  1.0043291e+000
  1.9232879e+000  4.3459577e-001
  2.2293719e+000 -2.9260740e+000
  2.0789195e+000 -1.0128511e+000
  1.9314787e+000 -4.2747843e-001
  2.1667807e+000  1.7304078e+000
  2.1180157e+000 -9.0422495e-001
  2.0222550e+000  1.8184005e+000
  2.0658478e+000 -7.6844865e-001
  2.2383952e+000  4.1627815e+000
  1.9572385e+000  2.4251243e+000
  1.8320335e+000  3.0510375e+000
  2.0549762e+000 -8.3569646e-001
  2.0844857e+000 -2.3770036e+000
  1.8661858e+000 -1.3885516e+000
  1.8956740e+000 -1.6336114e+000
  2.0827834e+000  1.7736162e+000
  2.1655111e+000 -1.9240247e+000
  1.9220464e+000  3.2926520e-001
  2.0982877e+000  1.7143794e+000
  1.9729886e+000 -8.5875294e-001
  1.9729166e+000 -2.2613172e+000
  2.0494904e+000  1.8946655e+000
  1.9431814e+000  4.3687239e-001
  1.9098204e+000  1.1956527e+000
  1.9565137e+000  4.8810169e-001
  1.8894873e+000  1.2679741e+000
  1.8924600e+000  2.1644802e-001
  2.1581510e+000 -2.8170437e+000
  2.0164675e+000 -1.5317932e+000
  2.0718764e+000  1.2696435e+000
  1.9559661e+000  5.1956744e-001
  2.0085814e+000 -1.2932429e+000
  2.1208492e+000  2.9834958e+000
  1.9375027e+000 -6.0012293e-001
  1.9504705e+000 -1.0122164e+000
  1.9722387e+000  9.4003833e-001
  1.8813702e+000 -1.2557932e+000
  2.0893714e+000  1.5133500e+000
  2.0206462e+000  2.0517378e-002
  2.0176641e+000  7.9286478e-001
  2.0034448e+000 -1.9001463e+000
  2.2046095e+000 -1.1863875e+000
  1.8452868e+000  2.1732648e+000
  1.9611116e+000  1.9140582e+000
  1.9018959e+000 -1.9795080e-001
  1.9129566e+000 -6.0835990e-001
  1.9819842e+000 -2.7209065e+000
  2.2192923e+000 -2.4885235e+000
  1.8241484e+000 -1.4175375e+000
  1.9327345e+000  5.6096887e-001
  1.7962831e+000  2.4616147e+000
  1.9765591e+000 -2.5919565e-001
  2.0685758e+000 -5.1025436e-001
  1.9420705e+000  4.6791809e-001
  2.0934776e+000  1.5952918e+000
  1.9966212e+000 -9.2827777e-001
  1.9094455e+000 -3.3293779e+000
  1.8757678e+000 -1.3156813e-001
  1.9416946e+000  1.4427403e+000
  2.1767131e+000 -2.5843053e+000
  2.0900626e+000  2.5087510e+000
  2.1894033e+000  1.9425736e+000
  1.8985025e+000 -1.2980164e+000
  1.8033900e+000 -3.2102712e-001
  2.1889763e+000 -2.8360288e-001
  2.0703859e+000 -5.3698630e-001
  2.0535057e+000  2.9542819e+000
  2.0564070e+000 -5.5735503e+000
  2.1124568e+000  5.2150727e+000
  1.8930981e+000  6.2424099e-001
  1.9314253e+000  2.0001107e-001
  1.8082242e+000  3.2337458e+000
  2.1452504e+000  1.6635125e+000
  1.9435222e+000  1.2447466e+000
  1.9779232e+000 -2.3953231e-001
  1.9568040e+000 -8.8107483e-001
  2.0439759e+000  2.5417266e+000
  1.9155439e+000 -7.4341262e-001
  2.0006579e+000  3.3134653e+000
  2.1649358e+000 -1.1105638e+000
  1.9539978e+000  6.8332272e-001
  2.0077860e+000  2.3730820e-001
  1.8940605e+000 -3.9791989e-001
  1.8782533e+000 -8.0602078e-001
  2.1648963e+000 -6.8872458e-001
  1.8187767e+000  1.9157851e+000
  1.9522349e+000 -2.7852459e-001
  2.0139694e+000  2.6494708e+000
  2.0857177e+000 -1.2370600e+000
  1.9396714e+000 -7.2515695e-001
  1.8675306e+000  5.1805668e-001
  2.0582332e+000 -6.2120603e-001
  2.0900055e+000 -1.9884865e+000
  1.9606574e+000  8.9910936e-001
  1.9638125e+000  1.9578460e-002
  2.0252711e+000  1.3315348e+000
  1.8647128e+000 -2.2933790e+000
  1.9476619e+000  1.7410854e+000
  1.9151919e+000  5.3958550e-001
  2.0454516e+000  2.0473407e+000
  2.0700750e+000  5.0266133e-001
  1.8817318e+000  4.1802912e+000
  2.1179770e+000  9.0527691e-001
  1.9821184e+000  2.9278810e+000
  1.9934381e+000  2.7639157e+000
  2.1285845e+000  2.0720048e+000
  1.9811598e+000 -1.0177856e+000
  1.9946584e+000 -9.9380827e-001
  2.0595676e+000 -2.7487159e+000
  2.1098780e+000  3.4506164e+000
  1.9209240e+000 -2.8576735e+000
  1.6928282e+000  3.4363332e+000
  2.0553310e+000  4.3303671e-001
  2.0609082e+000  2.8771091e+000
  1.7717318e+000  2.7964361e+000
  2.2590141e+000 -3.8239856e+000
  1.9057024e+000  5.2346698e+000
  2.1084419e+000  2.5724019e+000
  2.1009821e+000  1.7950424e-002
  1.8894613e+000  6.4135104e-001
  2.0443993e+000  1.7553461e+000
  1.8282584e+000 -1.1764879e+000
  2.0524582e+000 -5.2972599e+000
  2.0516273e+000  8.5248290e-001
  2.1489208e+000 -5.0615785e+000
  1.9708227e+000 -1.5295916e+000
  2.1369303e+000  2.0585640e+000
  1.9946439e+000  2.3816779e-001
  1.9807116e+000 -7.4594107e-001
  2.0840710e+000  1.5193656e+000
  2.0286077e+000 -8.9326626e-001
  2.1228693e+000 -4.2442051e+000
  1.9354017e+000 -1.6219464e+000
  1.8403575e+000  7.8958375e-001
  2.0086802e+000  1.6010467e+000
  1.9430441e+000 -6.3285231e-001
  2.0301618e+000 -3.1877303e-001
  1.9276573e+000  5.1853771e-001
  1.8272463e+000 -2.1858004e+000
  1.9114547e+000 -3.8760890e+000
  2.0384727e+000  3.0567009e+000
  1.8563005e+000  2.2853475e+000
  2.0423138e+000 -1.3382981e+000
  2.1540129e+000 -7.2172279e-001
  1.9744643e+000  1.4374664e-001
  2.0884248e+000 -4.6521997e-002
  2.0590172e+000 -3.1108400e+000
  1.8993171e+000 -1.9108353e+000
  2.0916025e+000 -1.2220175e+000
  1.9499586e+000 -4.3547189e-001
  2.0028595e+000  2.2869820e+000
  1.9500311e+000  1.9399954e+000
  1.9015728e+000  2.0324253e+000
  1.9673736e+000 -1.2692676e+000
  1.9686611e+000 -3.8026925e+000
  2.0652529e+000 -7.7361893e-001
  1.8430209e+000 -6.6765359e-001
  2.1158165e+000 -3.6013676e-001
  2.0543956e+000 -3.6095466e+000
  1.9242569e+000  1.2251279e+000
  2.0675280e+000 -4.6647556e+000
  2.2421991e+000 -1.3157587e+000
  1.8789017e+000 -1.0549117e+000
  1.9334782e+000  3.2020310e+000
  1.9980191e+000  2.8213248e-001
  1.9471567e+000 -4.2890612e-001
  2.0207608e+000  4.7517536e+000
  2.0525085e+000 -1.3771982e+000
  1.9382310e+000 -5.8241270e-001
  2.0848654e+000  4.1706106e-001
  1.9773766e+000  1.4414213e+000
  2.0276439e+000  4.7787659e-001
  2.1101486e+000  1.9683266e+000
  1.9968735e+000 -1.7045296e-001
  2.0882295e+000  3.5964347e+000
  1.9361634e+000  6.2390520e-001
  1.8564329e+000  4.1439594e-001
  2.0110835e+000 -2.4577547e+000
  2.0050697e+000 -1.7735664e+000
  2.1149095e+000  6.1889503e-001
  2.0334279e+000 -1.8523652e+000
  2.1026237e+000  5.4867038e+000
  1.8942482e+000  2.2562103e+000
  1.9368703e+000 -1.3211214e+000
  2.0654909e+000 -2.7999633e+000
  2.0307868e+000 -2.5242450e+000
  2.1220848e+000  2.1413716e+000
  2.0332383e+000  3.6072586e+000
  1.8639784e+000  7.9668942e-001
  2.0976111e+000  1.8454262e+000
  2.0416593e+000  9.5158587e-001
  2.0909556e+000 -2.9235326e+000
  1.8008544e+000 -1.9318679e+000
  1.8966937e+000 -3.9235146e-001
  2.0242664e+000 -5.6141742e-001
  1.8354781e+000  1.5549146e+000
  2.0634901e+000 -8.7264452e-001
  2.0126226e+000  1.2244066e+000
  1.9253934e+000  2.5012686e+000
  1.9852102e+000 -1.9053006e+000
  2.1241634e+000  2.5777922e+000
  1.9817756e+000 -3.2958262e-001
  1.9793999e+000 -1.9835970e+000
  2.0658129e+000  4.7945140e-001
  1.9620582e+000  5.4303903e-002
  2.2202216e+000 -1.4828942e+000
  1.9637022e+000  2.8876997e+000
  1.8444305e+000  1.4768287e+000
  2.0318197e+000  4.9395867e-001
  1.9957741e+000 -3.0231928e+000
  2.0335916e+000 -2.3195127e+000
  2.1789787e+000 -1.9791562e+000
  2.0376508e+000 -7.9941224e-002
  2.0153918e+000  2.1962554e+000
  2.0810642e+000  1.3895761e+000
  1.9022202e+000  2.4202989e+000
  2.0061352e+000  2.2338535e+000
  2.0143859e+000  1.9753107e+000
  1.9449177e+000  5.4096382e+000
  2.0568915e+000  1.3727942e+000
  1.8353621e+000 -3.6129849e+000
  2.0816154e+000 -1.6604911e+000
  1.8829845e+000  3.6203697e-001
  2.0460293e+000 -2.4423646e-001
  2.0874046e+000  4.7250790e-001
  2.1916729e+000 -3.4805244e+000
  1.8958473e+000  9.0691697e-001
  2.0906817e+000 -8.3485971e-001
  2.0630659e+000  6.7908778e-001
  2.1075864e+000  1.8586210e+000
  2.0165474e+000 -5.8856060e-001
  2.0765799e+000 -3.4707260e+000
  1.9040712e+000  1.8162035e+000
  2.0974305e+000 -2.0169310e+000
  1.9055468e+000  1.6891411e+000
  2.1064754e+000  1.6464227e+000
  2.1036339e+000 -1.8315107e+000
  1.8963471e+000 -4.3453235e-001
  2.0403237e+000  9.5233444e-001
  1.9279867e+000 -1.3771663e-001
  1.9635622e+000 -1.5954887e+000
  2.1049543e+000 -1.7133439e+000
  2.0476795e+000  5.6077402e+000
  2.0059353e+000 -9.0026306e-001
  2.0177054e+000  2.2808439e+000
  2.0813538e+000 -1.9269168e-001
  1.9489507e+000  1.4264538e+000
  1.9034813e+000  3.7188648e+000
  2.0593972e+000  1.0039847e+000
  2.1722506e+000 -1.8527929e+000
  1.9211508e+000  3.6811692e+000
  1.8026374e+000 -2.2093832e+000
  2.0279596e+000 -4.8203436e-001
  2.0573300e+000 -2.3196936e+000
  2.0354953e+000 -4.3530179e-001
  1.9609833e+000 -3.7375623e+000
  2.0051081e+000  1.8260041e+000
  2.1882551e+000 -1.2454983e+000
  1.8971473e+000 -2.4702617e+000
  2.0229877e+000 -2.9358376e+000
  1.9127524e+000  3.0625529e+000
  1.7722960e+000  1.0770810e+000
  2.0505329e+000 -2.2789637e+000
  2.0853121e+000  1.9164254e+000
  2.1098692e+000 -3.4781059e+000
  2.2663027e+000 -1.0478500e+000
  1.8823401e+000 -3.5665311e+000
  2.0232642e+000 -1.3717733e+000
  2.0132379e+000 -9.4919516e-001
  2.0782525e+000  1.4776953e+000
  1.9408833e+000 -6.4943053e-001
  2.0640829e+000 -2.0767574e+000
  2.0376690e+000 -1.6870101e+000
  2.1003576e+000  3.1034980e+000
  1.9600339e+000  9.1601276e-001
  1.9858015e+000  3.7264019e+000
  2.0346968e+000 -6.8922114e-001
  1.8635821e+000 -1.2561991e+000
  1.9339815e+000 -4.2794836e+000
  2.0800812e+000  2.0293103e+000
  2.0250237e+000 -3.0636374e+000
  1.9855383e+000  1.0328258e+000
  2.0793399e+000  2.5064236e+000
  1.9878253e+000 -3.4382753e-001
  2.0119150e+000  1.2325269e+000
  2.1073340e+000  2.7065139e+000
  1.8278695e+000 -1.6355478e+000
  1.9359259e+000 -2.4020581e+000
  2.0016519e+000  2.9698621e+000
  2.0635806e+000  1.5601352e+000
  1.9025180e+000 -9.4989563e-001
  1.9561019e+000  1.9994387e-001
  1.9250691e+000  4.1953623e-001
  2.2169443e+000 -3.7029332e+000
  2.0770467e+000  1.4721238e+000
  2.0433212e+000  5.5691112e-001
  1.9536404e+000 -1.2014467e+000
  2.0297279e+000  2.6174374e+000
  1.9787091e+000  3.5237010e+000
  2.1110147e+000 -3.4753260e+000
  1.9594627e+000 -2.8781527e+000
  1.8883333e+000  9.5375416e-001
  1.9830692e+000 -5.4168419e-001
  2.0298326e+000  1.8254264e+000
  2.1279899e+000  2.4046080e+000
  1.8533199e+000 -1.6477355e+000
  2.0530085e+000  4.1780004e-002
  1.9334393e+000 -4.6775037e-001
  1.9344968e+000 -1.0330832e-001
  1.8976693e+000 -1.3407272e+000
  1.8196205e+000 -3.9167617e-001
  1.9651880e+000 -2.5597271e+000
  2.0185004e+000  1.1048130e+000
  1.8542933e+000 -2.2573872e+000
  2.0233703e+000 -1.0364888e+000
  2.1190285e+000  2.2261365e+000
  2.0169743e+000  2.4743422e+000
  1.9613965e+000  4.0161004e+000
  1.9425835e+000 -1.9520555e+000
  1.9118633e+000  3.7600924e-001
  2.0767132e+000 -1.2483986e+000
  1.7958754e+000  3.1769917e+000
  1.8575769e+000  2.4891220e+000
  2.0812638e+000  2.3509745e+000
  2.0217569e+000  2.9851834e+000
  2.1807855e+000  3.7912869e+000
  1.9666169e+000  1.7715955e+000
  2.0360975e+000  1.4938421e+000
  1.9586101e+000  1.1309440e+000
  1.9666566e+000  1.2752896e+000
  2.1413242e+000 -6.3872880e-001
  2.1079195e+000 -2.6675363e+000
  1.9513987e+000 -3.6857689e-001
  1.9736081e+000 -2.6579762e+000
  1.8862403e+000 -1.2988396e-001
  1.8989285e+000 -5.3195334e-001
  1.9572814e+000  3.3119951e+000
  2.1199035e+000 -1.1787366e+000
  2.0793404e+000 -9.3226224e-001
  1.9419289e+000  5.0072877e-001
  2.0232247e+000 -1.2614856e+000
  2.0413400e+000  9.1082817e-001
  2.2191620e+000 -3.4965821e+000
  1.9435299e+000 -2.9281151e+000
  2.0358181e+000  1.9476248e+000
  1.9464353e+000  8.1243932e-001
  2.1019452e+000 -2.1367886e-001
  1.9153747e+000 -1.0595819e+000
  1.9762839e+000 -4.5552818e+000
  1.8014356e+000  1.9757070e+000
  2.0374807e+000  3.2335358e+000
  1.9181662e+000  8.9366485e-001
  2.0145983e+000 -2.2275551e+000
  1.8695429e+000  2.0626863e+000
  2.1269263e+000 -1.1198240e+000
  1.9928231e+000  2.6722406e+000
  1.7659405e+000 -3.2508911e-001
  2.0352284e+000  2.7942117e+000
  1.8071850e+000  7.0973531e-001
  2.0460095e+000  1.1438612e-001
  2.1469829e+000  1.2481456e-001
  1.9832643e+000  2.3763909e+000
  1.8744998e+000 -1.2977858e+000
  1.9066336e+000  4.1648387e+000
  1.9893924e+000 -2.5095557e+000
  1.9659802e+000 -6.1476396e+000
  1.9942164e+000  2.6489669e+000
  2.2182155e+000 -9.9426731e-001
  2.0025264e+000  2.4375760e+000
  2.0430145e+000  3.1321539e+000
  2.0175131e+000  8.0478011e-001
  1.9777114e+000 -5.7009070e-001
  2.1018615e+000 -4.9199464e+000
  1.8240582e+000 -1.7010376e+000
  2.0047632e+000  1.3099507e+000
  1.9935166e+000  3.7533608e-001
  2.1442224e+000  1.8983026e-001
  1.8631580e+000 -1.2202024e+000
  1.8459704e+000 -9.6826939e-001
  1.9031030e+000 -2.7220509e-001
  1.9534989e+000  2.2066833e+000
  2.0258931e+000  3.5077094e+000
  2.0598625e+000 -1.4225060e+000
  2.2018934e+000 -1.4696378e+000
  2.0874906e+000  3.6000605e+000
  1.9713069e+000  4.7959494e-001
  1.9727783e+000  1.5013124e+000
  1.9679832e+000 -1.1741268e+000
  2.0397277e+000 -1.8644275e+000
  1.9535169e+000  2.8476294e-001
  2.0172857e+000  3.1347371e-001
  1.7349950e+000 -1.9578538e+000
  1.9487547e+000  3.5006130e+000
  1.8463620e+000 -3.9485332e+000
  1.8958906e+000  1.0308460e-001
  1.9770113e+000  1.2022677e+000
  1.8376486e+000 -2.5333619e+000
  1.8635627e+000 -2.6548875e+000
  1.9208070e+000  3.0556276e-001
  2.0287441e+000  1.3183842e+000
  2.0440144e+000  1.8688362e+000
  1.9287545e+000  7.4051998e-001
  1.9398835e+000 -8.6387539e-001
  2.0515531e+000 -4.8370160e-001
  1.8611809e+000  7.8509812e-001
  1.9749612e+000 -4.9261698e-002
  1.9802165e+000 -1.8645601e+000
  2.0366169e+000 -1.4593236e+000
  2.1478714e+000  2.8755942e+000
  1.9087358e+000 -2.4276239e+000
  2.0013388e+000  9.6988522e-001
  1.9576270e+000  3.0938845e-001
  1.9780719e+000 -3.9497908e+000
  2.0437491e+000 -2.3003972e+000
  2.0490609e+000  4.7631307e-001
  2.0570969e+000  3.0207315e+000
  2.0524400e+000  4.6841612e-001
  2.0253885e+000 -2.7100078e-001
  1.9609704e+000 -1.9234186e+000
  2.0620110e+000 -2.1019367e+000
  1.9281751e+000  3.6376884e-001
  1.9658534e+000 -2.7976158e+000
  1.8994550e+000 -1.2144186e+000
  1.8981488e+000  1.0667172e+000
  1.8602329e+000 -1.2139339e+000
  1.9684388e+000 -2.3237512e+000
  1.9651619e+000 -1.7165945e+000
  2.0782803e+000  2.6404624e+000
  2.0766951e+000 -8.9802404e-001
  2.0387179e+000  4.4295687e+000
  2.0471464e+000  2.5058508e+000
  1.9478890e+000 -1.1394760e+000
  2.0478222e+000 -3.3165106e+000
  2.0347868e+000  7.9457900e-001
  2.0477363e+000 -1.2556741e+000
  2.0402198e+000 -2.0752415e+000
  1.9436855e+000  7.9251083e-001
  2.0857323e+000  8.6521407e-001
  2.0372195e+000 -2.6697919e+000
  1.9479269e+000 -3.9118841e-001
  2.1032252e+000 -2.7056258e+000
  2.0627775e+000  1.4952382e+000
  1.9854849e+000 -5.9972389e-001
  2.0505617e+000  9.8463197e-001
  1.9528787e+000  5.2025357e-001
  2.1393287e+000 -2.6960891e+000
  2.0536791e+000  2.7684888e+000
  2.0219840e+000  1.6395345e+000
  1.9979577e+000  2.8514862e+000
  2.1564100e+000 -5.6050141e-001
  2.0501811e+000 -1.9316740e+000
  2.0105602e+000  2.6052755e+000
  1.9963813e+000 -2.3818999e+000
  1.9047043e+000  1.4803904e+000
  2.0640130e+000 -2.0258639e+000
  1.9340727e+000  9.7646342e-001
  1.9744911e+000  6.0602616e-001
  2.0827243e+000 -9.8626862e-001
  2.0692435e+000 -4.2826863e+000
  1.9163962e+000 -3.7985709e-001
  1.9270679e+000  2.7785401e+000
  1.9957672e+000  1.8440954e+000
  2.0454634e+000 -5.7367074e-001
  1.9832978e+000 -8.8156765e-002
  2.0691163e+000 -5.1555953e-002
  2.0118509e+000 -1.4646513e+000
  1.9807640e+000 -1.7270333e+000
  1.8794523e+000 -2.3663275e+000
  1.8853616e+000 -1.1086533e+000
  2.1917570e+000 -1.7350880e+000
  2.0268504e+000  4.2539413e-001
  1.9746111e+000  1.0791175e+000
  2.0289069e+000 -7.2696124e-001
  2.0236524e+000 -6.5670289e-002
  1.9287696e+000  8.8201112e-001
  2.2027259e+000 -7.9016059e-002
  2.0869857e+000  2.4664174e-001
  1.9496029e+000 -8.9676894e-001
  1.8513822e+000  2.9344446e-001
  2.1389325e+000  8.9864087e-001
  1.9995449e+000 -1.7860817e+000
  1.9511898e+000 -6.3804383e-001
  2.0660158e+000 -4.3140519e+000
  1.8063311e+000  1.5046110e+000
  1.9751750e+000  2.9876737e+000
  2.0509910e+000 -2.3771404e+000
  1.8836324e+000 -1.8974776e+000
  2.0181585e+000 -2.9862351e+000
  2.1109743e+000 -2.3822308e+000
  2.1659563e+000  1.6611593e-001
  1.9727227e+000  6.8463460e-001
  2.1105925e+000  5.5480506e-001
  1.9901374e+000  1.3500678e+000
  2.0248774e+000 -1.9294120e+000
  2.0257385e+000 -1.5281503e+000
  2.0686073e+000 -2.8949353e-001
  1.9755754e+000 -2.3692542e+000
  2.0493724e+000 -1.9644289e+000
  2.0953224e+000 -1.2585413e+000
  2.1111714e+000 -1.9275454e+000
  2.1206049e+000  2.2933139e+000
  1.9956293e+000  1.8785527e+000
  2.0331824e+000  1.6240901e-001
  2.0155329e+000  3.3630412e-001
  2.0104477e+000  3.3599392e+000
  2.1650701e+000  1.9505161e+000
  2.0290830e+000  6.9671610e-001
  2.0357208e+000  1.7549119e+000
  2.0544859e+000 -2.1420623e+000
  2.1172449e+000 -5.1314760e-001
  2.0790528e+000  3.4225198e+000
  2.0468032e+000 -3.9084070e-001
  1.9497411e+000 -1.5440689e+000
  1.8029443e+000 -1.0224567e+000
  1.7700500e+000  7.5450759e-001
  2.0931190e+000  3.8583584e-001
  1.8288174e+000  2.6594306e-001
  2.0872697e+000 -3.8524492e+000
  2.0102787e+000  1.2541020e+000
  1.9584872e+000  3.2253978e-001
  1.9148002e+000 -9.5932915e-001
  2.0042689e+000 -1.3542460e+000
  2.0874329e+000  4.1986255e-001
  2.0636945e+000  2.2664246e+000
  1.9292718e+000 -3.4498145e+000
  2.0688192e+000  1.2578849e+000
  1.9529212e+000  5.9508480e-002
  1.9254674e+000  1.9297494e+000
  1.9909468e+000  5.0136747e-001
  2.0541527e+000 -2.2803758e+000
  2.0113131e+000  1.1417992e+000
  2.0981229e+000  3.1190303e+000
  1.8174938e+000  9.6146415e-001
  1.9682732e+000  1.3979067e+000
  1.9555844e+000  1.6992967e+000
  2.1199564e+000 -1.7728949e+000
  2.1367366e+000  1.3100711e+000
  1.9813573e+000 -3.7359799e+000
  1.9743060e+000 -6.9744317e-001
  2.1112283e+000  1.6791966e+000
  1.9338972e+000  1.1029319e-001
  1.9216318e+000 -4.0530163e+000
  2.0374862e+000  5.1561815e-001
  1.9643082e+000 -4.9146697e-001
  1.9692268e+000 -9.3658173e-002
  1.9678951e+000 -2.6429340e+000
  2.0170586e+000  2.0057549e+000
  1.8991537e+000 -3.0580581e+000
  2.1769060e+000  8.4851542e-001
  1.9277097e+000 -1.5520516e+000
  1.8542955e+000  2.2306001e+000
  2.0185051e+000 -8.1279062e-001
  2.1325036e+000 -2.9425191e-001
  2.1529821e+000 -1.3790565e+000
  2.0918202e+000 -1.8010314e+000
  2.1032926e+000  3.0552411e+000
  1.9357652e+000  3.4650582e+000
  2.1177599e+000  2.1532118e+000
  1.9001990e+000 -2.8522874e-001
  1.7145667e+000  2.1839347e+000
  1.9589278e+000 -7.5931070e-001
  1.9867576e+000 -2.7225065e+000
  2.0482069e+000  1.8688382e-002
  2.0674329e+000 -8.6570363e-001
  1.9495047e+000 -4.5608745e-001
  2.0274164e+000  1.8174159e+000
  1.9651901e+000  7.8444999e-001
  1.9899896e+000  9.7778416e-001
  2.0751458e+000 -4.3801404e+000
  2.0842364e+000  1.1705576e+000
  2.1803375e+000 -4.8263923e-001
  1.9483343e+000  1.7943282e+000
  2.1341226e+000 -2.6212634e-001
  1.8435635e+000  1.8700137e+000
  1.8741892e+000 -1.2495794e+000
  2.0577621e+000  5.1454115e-001
  2.1051439e+000 -3.7434158e-001
  2.1671439e+000  4.0563047e+000
  1.9578364e+000  2.3327240e+000
  1.8018489e+000  6.8474696e-001
  1.9994767e+000 -2.3087879e+000
  1.7780550e+000  2.7719165e-001
  1.9725600e+000 -2.3997600e+000
  2.0980509e+000 -1.5108349e+000
  2.0237561e+000 -4.1590772e-001
  1.9249742e+000 -9.8849694e-002
  1.9869486e+000 -8.2264228e-001
  2.1209886e+000  1.4780156e+000
  2.1242946e+000  3.0963221e+000
  1.8845966e+000  2.8529607e+000
  2.0479163e+000  1.6001943e+000
  2.0838586e+000 -2.6224205e+000
  1.8663925e+000  1.3613471e+000
  1.9939625e+000  1.4807506e-001
  1.9414414e+000  4.7045015e+000
  1.8727755e+000  7.1534966e-001
  1.9806059e+000  4.1256469e-001
  1.8638914e+000 -6.1992319e-001
  1.9832749e+000  1.8517130e+000
  2.0966217e+000 -4.1432196e+000
  2.1119067e+000 -1.7268646e+000
  2.0611757e+000 -2.0585952e+000
  2.0773673e+000  1.5683734e-001
  2.0991595e+000  1.3246322e+000
  2.0348171e+000  2.9140389e+000
  2.0471125e+000 -7.0017110e-001
  2.0887509e+000 -2.5914625e-001
  1.8658090e+000 -2.2336299e+000
  1.9806654e+000  7.3636846e-001
  1.9164409e+000 -1.0102397e+000
  1.9009698e+000 -2.0837895e-001
  2.0161054e+000  2.6535496e+000
  1.8928038e+000  1.3065685e+000
  1.9898726e+000  4.3761931e-001
  2.1359808e+000 -1.3689576e+000
  2.0576250e+000 -7.3262097e-001
  2.0063116e+000 -2.4250436e+000
  1.9388161e+000  1.4685354e+000
  1.9980818e+000  3.8998334e+000
  2.0970266e+000  3.3414807e+000
  2.1401373e+000  8.7443147e-002
  2.1243491e+000 -2.3483371e+000
  2.0003515e+000 -1.6243999e+000
  1.8405731e+000 -4.0934326e+000
  1.9584520e+000  4.3167702e+000
  1.9186175e+000 -8.1052660e-001
  1.9310946e+000 -1.0519679e+000
  2.0290009e+000  2.0185986e+000
  2.0335587e+000 -7.7248087e-001
  2.0835956e+000 -2.7639365e+000
  1.8657197e+000 -2.4231973e+000
  2.0049213e+000  5.3242078e-001
  1.9633206e+000 -2.0628295e+000
  1.7547586e+000  2.9675390e-001
  1.9737568e+000  3.8166700e+000
  2.0352489e+000  3.4395874e-001
  2.0894614e+000 -1.7916033e+000
  2.1589808e+000  2.7636458e+000
  1.9940871e+000  1.6498792e+000
  1.8851043e+000  6.9475357e-001
  2.1456420e+000  2.9536822e+000
  2.0180379e+000 -6.9976352e-001
  2.1719606e+000 -8.4482252e-001
  1.8927584e+000  9.5344372e-001
  1.9412123e+000 -1.8189809e+000
  2.0783653e+000 -3.2315617e+000
  1.9724573e+000 -4.0817554e-001
  2.0676647e+000  1.3671123e+000
  2.0743265e+000  1.5282039e+000
  1.8725642e+000  1.1098417e+000
  2.0155595e+000  1.5101832e+000
  2.0748188e+000  1.2626016e+000
  2.0622076e+000 -2.8161206e+000
  2.0295770e+000 -1.8387290e+000
  1.9725672e+000 -2.7523666e+000
  2.1168792e+000  1.9903376e+000
  1.8731233e+000  1.5867485e+000
  2.0408065e+000  1.4121401e+000
  2.0601131e+000  2.9740441e+000
  1.8034180e+000 -2.8194363e+000
  1.9488628e+000  3.3792372e+000
  1.9629861e+000  1.9296231e+000
  1.9572442e+000  4.3603735e+000
  2.0302558e+000 -4.4834853e-001
  1.8697986e+000 -4.3465740e-001
  1.9714120e+000  1.1309359e+000
  1.8385140e+000  3.9320375e-001
  1.8303540e+000 -3.8249047e+000
  1.9601942e+000 -1.0523196e+000
  1.8630838e+000 -5.6019856e-001
  1.8885630e+000 -2.8216179e+000
  1.9856080e+000 -2.9910525e+000
  2.0479910e+000 -1.0912699e+000
  1.9918170e+000  6.7131570e-001
  2.1090741e+000  2.3308922e+000
  1.9338636e+000 -1.3869974e+000
  1.8070578e+000 -2.4244495e+000
  1.9625368e+000 -1.6990968e+000
  2.0403585e+000  1.7536401e+000
  1.9468995e+000 -3.7887989e-001
  2.1323894e+000  9.0288862e-001
  1.9592891e+000 -5.2944197e-001
  1.8307393e+000  1.1548121e+000
  1.9456498e+000 -2.3524702e+000
  1.9667064e+000 -1.1326377e-001
  1.9396620e+000  2.1123657e+000
  2.2259325e+000  4.7953901e-001
  1.9021750e+000  2.6872576e+000
  1.9585711e+000  2.0048477e+000
  2.0528483e+000 -4.0920419e+000
  2.0279301e+000  2.7150289e+000
  2.1983849e+000 -1.4494965e+000
  1.9496084e+000 -4.2604813e+000
  1.9613122e+000 -1.9775393e+000
  2.2925100e+000 -4.6941094e-001
  2.0592408e+000 -4.1442128e-001
  2.1744649e+000 -6.9981173e-001
  1.7760705e+000 -2.2506821e+000
  2.1098796e+000  1.9213746e+000
  1.9756542e+000  2.5155765e+000
  1.7093784e+000 -1.9594614e+000
  1.9254487e+000  3.6319427e+000
  2.1417769e+000 -1.8949194e+000
  1.9742409e+000  1.7088911e-001
  2.0336019e+000  1.4322218e+000
  1.8942492e+000  1.5876272e+000
  2.0783849e+000 -1.9350977e+000
  1.8076254e+000  4.0680516e+000
  1.9676180e+000 -1.1986537e+000
  1.9663116e+000  1.9971833e+000
  1.9138630e+000  9.8704345e-001
  1.9826675e+000  1.8034761e+000
  2.0705975e+000 -1.1294327e+000
  2.1304047e+000  1.6717043e+000
  1.9376762e+000  2.1520906e+000
  2.2643934e+000 -5.7453828e-001
  1.9391704e+000  2.6898020e+000
  2.0739656e+000  2.6003855e-001
  2.0034602e+000 -2.0548683e+000
  2.1295560e+000 -4.5159005e-001
  1.9061620e+000  1.7873943e+000
  1.9823444e+000 -1.5847247e+000
  2.0807668e+000  3.8013596e+000
  1.9089290e+000 -1.4092076e+000
  1.8705073e+000 -2.5787694e+000
  1.8448708e+000 -1.5239865e+000
  2.0439561e+000 -2.6929743e+000
  2.0242338e+000 -6.9898789e-002
  2.0378462e+000 -6.0520299e-001
  1.9729087e+000 -5.4947601e-002
  1.9657350e+000  9.8777434e-001
  1.9553265e+000 -1.4856425e+000
  1.9086053e+000  9.4033653e-001
  1.9730596e+000 -5.5109623e-001
  1.9062492e+000  1.9289744e+000
  1.9980033e+000 -5.1164573e-001
  2.0880048e+000  4.7061464e+000
  2.0320617e+000 -2.0792928e+000
  2.1686101e+000  1.0065596e+000
  2.0104098e+000  6.7668494e-001
  1.9885745e+000  2.9221799e+000
  1.9491092e+000  5.8794894e-001
  1.9500851e+000  1.0403545e+000
  1.8615803e+000 -3.6266924e+000
  2.0945584e+000 -4.0661253e-001
  1.9221138e+000 -1.6394848e+000
  1.9677342e+000 -1.3489404e+000
  1.9038657e+000  2.2788157e+000
  2.0429494e+000  3.0733313e+000
  1.9818282e+000 -5.6081111e-001
  2.0187181e+000  2.0772611e-001
  1.8412699e+000  4.0126146e-001
  1.9949454e+000 -3.5311610e+000
  1.9572259e+000 -2.1494532e-001
  1.8995056e+000 -5.9394592e-001
  1.9273859e+000 -3.2650064e+000
  2.0930025e+000 -2.0567282e+000
  2.0510765e+000  2.5617866e+000
  2.0937204e+000  3.2985247e+000
  2.0283655e+000  3.4395860e+000
  2.0445120e+000  9.2201311e-001
  1.8893046e+000  3.6154547e+000
  1.9638868e+000 -6.3356059e-001
  1.8535235e+000 -8.8540336e-001
  2.0775496e+000  2.1250604e-001
  1.9364522e+000 -2.0295743e+000
  2.0251944e+000  1.2425761e+000
  1.7815213e+000 -1.7546035e+000
  1.8393547e+000  1.6557212e-001
  1.9276512e+000 -7.5284172e-001
  2.0973791e+000  4.9603469e-001
  2.1571595e+000  2.4529434e-001
  2.0560693e+000  2.3745098e-002
  2.0486748e+000 -2.2179314e+000
  1.9994211e+000  1.6833803e-001
  1.9380343e+000 -4.7030672e-001
  1.8053967e+000  2.4746745e+000
  1.9452447e+000  2.7118147e-001
  2.2104135e+000 -2.1471580e+000
  2.0083793e+000 -3.4271509e+000
  1.9718784e+000  3.2125511e+000
  1.9539591e+000 -2.5577586e+000
  2.1775970e+000  1.9494518e+000
  2.0249406e+000  1.3136398e+000
  1.9502336e+000 -2.6412692e+000
  2.0551038e+000  9.6521859e-001
  1.9236932e+000 -1.3665050e+000
  2.0682298e+000  1.2918531e+000
  1.9724069e+000  4.4993841e-001
  2.0958354e+000 -1.2203139e+000
  2.1009914e+000  1.7094772e+000
  1.9421835e+000 -5.2543672e+000
  1.8180608e+000  1.4046597e-001
  2.0497666e+000  5.1307216e+000
  2.1627830e+000  1.1641730e+000
  2.0577133e+000 -3.5423711e+000
  1.9600183e+000  2.8707924e+000
  2.1127623e+000 -4.0574618e+000
  2.0882762e+000  1.5273183e+000
  2.1384284e+000  2.5950945e+000
  1.9790581e+000 -2.7381678e+000
  2.1145759e+000  7.0609864e-001
  1.7747803e+000 -1.2733854e+000
  1.9599646e+000  1.3840464e+000
  1.9769183e+000 -3.1132917e-001
  2.1563467e+000 -2.4977512e+000
  2.2408240e+000  2.3753011e+000
  1.9834739e+000 -2.2499355e+000
  1.6099982e+000 -5.2625555e-001
  2.0300401e+000  4.8118087e-001
  2.1365426e+000 -4.7056147e+000
  1.9779582e+000 -3.4375989e+000
  2.0201494e+000 -1.5170627e+000
  1.6949732e+000 -2.6469568e+000
  1.8875200e+000 -6.8935435e-001
  1.9826071e+000  2.1557992e+000
  1.7954666e+000 -2.1893633e+000
  1.9815417e+000  1.1737780e+000
  1.8787993e+000  7.0653960e-001
  2.1047383e+000  2.1396295e+000
  1.9030148e+000  2.0556484e+000
  1.9913167e+000  3.6697213e-001
  1.9850561e+000 -1.6952526e+000
  2.0321461e+000  4.4009482e-001
  1.8764560e+000  1.0832476e-001
  1.8824840e+000  1.5543295e+000
  2.0982300e+000 -2.9136880e-001
  1.9842576e+000 -1.8142911e-001
  2.0193344e+000  4.7461239e-001
  1.8754197e+000  9.9892549e-001
  2.1282371e+000  2.3966622e+000
  2.0879376e+000 -2.1859844e-001
  2.1618869e+000 -3.6562541e-001
  2.0198774e+000 -1.3407222e+000
  2.1307339e+000  1.6002378e+000
  1.8735244e+000 -1.5258488e-001
  2.0612459e+000 -3.2315716e+000
  1.9401930e+000  1.5584558e+000
  1.9730987e+000  3.2454772e+000
  1.9658583e+000 -7.7363706e-001
  1.8614818e+000  2.2660531e-001
  1.9938033e+000 -2.3907228e+000
  1.9895644e+000 -6.6649117e-001
  1.9029816e+000  1.1148868e+000
  2.0847469e+000  3.2341257e-001
  1.9920231e+000  3.9101329e-001
  2.0699330e+000 -8.3899468e-002
  2.1974691e+000 -3.8512777e-001
  1.8987684e+000 -1.4945814e+000
  1.9202873e+000  1.7650579e-001
  1.9645129e+000 -2.4237044e-001
  1.9282419e+000  9.2727007e-001
  2.0137475e+000 -2.4575727e+000
  1.9631747e+000 -1.1117577e+000
  1.8718606e+000 -2.3096995e+000
  2.0733674e+000  1.6769522e-001
  1.9661018e+000 -6.0921360e-001
  1.9969940e+000 -1.0069389e+000
  1.8719376e+000  3.3327725e-001
  2.0623710e+000  1.4310625e+000
  2.0428726e+000 -4.3733970e-001
  2.0315730e+000  1.8024011e+000
  2.0306792e+000  1.7724728e+000
  2.0492364e+000  5.2198493e-001
  1.8098287e+000 -7.1426259e+000
  1.8287682e+000 -2.5554990e+000
  2.0335684e+000 -2.8051153e+000
  1.8543105e+000 -1.0343432e+000
  1.9823710e+000 -1.4285405e+000
  1.8945312e+000 -1.2419648e+000
  2.1092602e+000  1.0256984e+000
  2.0856053e+000  4.0669288e+000
  2.0460223e+000  1.6436191e+000
  1.9190320e+000  1.5735887e+000
  2.2495831e+000 -1.2087804e+000
  1.7060830e+000 -3.3648947e+000
  2.1023244e+000 -3.4514094e+000
  2.0518426e+000  3.3966809e+000
  1.8218514e+000 -3.8707480e+000
  2.1371323e+000  2.0063427e+000
  1.9058222e+000 -1.6279415e+000
  1.9268533e+000 -4.8315857e+000
  1.9459428e+000  6.5346133e-001
  1.8256577e+000  5.1951771e+000
  2.0776301e+000  7.2454619e-001
  1.9266280e+000 -3.8487967e+000
  1.8615922e+000  1.6445440e+000
  1.9776402e+000 -3.1139930e+000
  2.0577192e+000  3.2068355e+000
  1.9478450e+000 -6.1336163e+000
  1.9017033e+000 -4.1053843e+000
  2.0697074e+000 -7.1301067e-001
  2.0684001e+000  1.0480245e+000
  2.0386920e+000 -5.7819490e+000
  2.0561585e+000 -1.3435602e+000
  2.1891864e+000 -1.5337875e-001
  1.8917589e+000 -2.4256212e+000
  2.0750608e+000 -1.3729675e-002
  1.8962400e+000 -6.4080145e-001
  1.8512677e+000  1.7744958e+000
  1.8871501e+000 -1.8786403e+000
  1.9800424e+000  5.4079030e-001
  1.7856543e+000 -2.6804111e+000
  1.9124586e+000 -1.9173415e+000
  2.0588684e+000 -1.1301456e+000
  1.9830047e+000 -7.1309920e-001
  1.9165069e+000 -1.0053484e-001
  1.8167850e+000  5.0723585e-002
  1.9410695e+000  2.3612254e+000
  2.0516437e+000  2.5211747e+000
  1.9740587e+000 -1.0286177e+000
  2.0156443e+000  3.3069074e-001
  1.8946440e+000  8.7111514e-001
  2.0699508e+000 -1.0331076e+000
  1.8846285e+000  4.8849784e-001
  2.1018354e+000  4.1658994e+000
  1.9719133e+000  2.2059000e-002
  1.9797250e+000 -2.6548757e-001
  2.0357013e+000  1.5160276e+000
  2.0234526e+000  1.8411043e+000
  1.9599419e+000 -2.7021866e+000
  1.9625979e+000  2.5592966e+000
  2.0305191e+000 -1.2540149e+000
  2.1079903e+000  1.7113615e+000
  1.8397455e+000  2.5448150e+000
  1.8572381e+000  1.6130178e+000
  1.9670444e+000  4.3452202e+000
  2.0054380e+000 -1.2381120e+000
  1.9606435e+000 -3.3269163e+000
  1.9786205e+000 -2.0794501e-001
  1.9345812e+000 -1.6031370e-001
  1.9204147e+000 -1.7535788e+000
  2.2217181e+000  7.1579675e-001
  2.0156805e+000 -6.8141477e-001
  1.9040686e+000  1.5602733e+000
  1.9586104e+000 -6.1837586e-001
  1.9131885e+000  5.4385473e-002
  2.0566816e+000 -1.6927885e+000
  2.0349026e+000  4.7538428e-001
  2.0281061e+000  3.7753787e+000
  1.9428439e+000 -8.3016132e-001
  1.8899826e+000 -8.0849356e-001
  1.8371404e+000 -5.2577378e-001
  1.9081858e+000 -1.6086175e+000
  1.9223282e+000  1.3522972e+000
  2.0943458e+000 -4.0242297e+000
  2.0306646e+000  1.4056157e-001
  1.9544474e+000 -9.2018106e-001
  2.0515349e+000  5.8501448e-001
  2.0951695e+000 -1.5454217e+000
  1.9852063e+000 -3.7811528e-002
  2.0552026e+000  6.4824764e-001
  1.8884428e+000 -1.3148447e+000
  2.0263084e+000  3.1883215e+000
  2.2237553e+000 -2.1442581e+000
  1.7328545e+000  6.3100965e-001
  1.8842083e+000 -8.1052567e-001
  2.1843856e+000 -1.8742495e+000
  2.0106595e+000 -5.1978753e+000
  2.0422632e+000 -2.2782726e+000
  1.8896782e+000 -6.2490652e-001
  2.0149957e+000 -3.7221507e+000
  2.1753855e+000  1.5086396e+000
  1.8837338e+000 -6.8417292e-002
  2.0838416e+000  4.4274358e+000
  1.9917421e+000 -2.0530318e+000
  1.8216263e+000  1.0865262e+000
  2.1576519e+000 -1.4866664e+000
  2.0647042e+000  1.8694229e+000
  1.9403532e+000  5.4730243e-002
  2.0742703e+000  1.7765313e+000
  2.0221135e+000  1.0669722e+000
  1.9752299e+000  6.1470471e-001
  1.9904197e+000 -3.0438394e+000
  2.1124458e+000 -3.3673757e+000
  1.9194297e+000 -1.3768654e+000
  1.9600120e+000  1.4717888e+000
  2.1547367e+000 -8.7261526e-001
  2.0184586e+000 -2.1936063e+000
  2.1553023e+000  2.4451943e+000
  2.0134157e+000 -1.1604600e+000
  2.0320345e+000 -2.5129557e+000
  2.0309357e+000 -1.6496079e-001
  1.9945304e+000 -1.3984605e+000
  1.9779354e+000  2.0600049e+000
  2.0229868e+000 -2.9273381e+000
  2.1427836e+000 -1.4728972e+000
  2.1044884e+000 -4.2731666e-001
  1.9426923e+000 -1.3097540e+000
  1.9228390e+000  1.2948903e+000
  2.0637413e+000 -2.9362385e+000
  1.9846960e+000 -7.0744410e-001
  2.0854752e+000  1.8679671e+000
  2.0215133e+000  2.4179637e-001
  2.1476281e+000 -2.6278855e-002
  2.0689376e+000 -1.5625057e+000
  1.9697335e+000  1.0178391e+000
  1.8380320e+000  2.5472606e+000
  2.1544932e+000  4.5469737e+000
  1.9220398e+000 -2.5198188e+000
  2.0423896e+000 -4.0845892e+000
  1.8828637e+000 -1.2876898e-002
  1.7671053e+000  8.2381277e-001
  1.8141643e+000 -1.2551954e+000
  2.0127120e+000 -4.7327176e-001
  1.8673037e+000 -2.1877535e-001
  2.1704307e+000 -3.1697074e-001
  2.0109463e+000 -1.8042800e+000
  1.8924927e+000  9.0573514e-001
  1.9985288e+000 -1.1060547e+000
  2.0239051e+000  1.7187300e+000
  2.0468709e+000  2.2229862e-001
  1.8016826e+000 -1.1343997e+000
  2.0290868e+000 -1.5602051e+000
  2.0060871e+000  9.8149910e-001
  1.9445515e+000 -5.3390534e+000
  2.1025394e+000  3.6261766e-001
  1.9113246e+000 -2.4518714e+000
  1.9900707e+000  6.5009816e-001
  2.0038470e+000 -2.0074892e+000
  1.9711342e+000  2.8782956e+000
  2.0693694e+000 -1.9306055e+000
  2.1193256e+000 -3.0257954e+000
  1.8860934e+000 -2.0824991e+000
  1.9767625e+000  1.9039806e+000
  1.9352214e+000 -1.9738883e+000
  2.0035071e+000 -1.4412021e-002
  1.9388307e+000  3.4257453e-001
  2.0934665e+000  1.2047838e+000
  1.8789128e+000  7.8880021e-001
  1.9709589e+000  2.0843845e-002
  1.9338851e+000 -3.3579200e+000
  1.9056076e+000 -4.3009791e-001
  1.9972819e+000 -9.8410290e-001
  1.9807973e+000  4.0640764e-002
  1.8671757e+000  2.7835702e+000
  2.1944149e+000  9.0923577e-001
  1.9595880e+000  1.5015456e+000
  2.1485457e+000 -3.0689655e+000
  1.9312963e+000 -5.7781143e-001
  1.9416308e+000  2.0274613e+000
  2.0348988e+000  1.0744991e+000
  1.8612725e+000 -1.4424886e-003
  1.8911196e+000 -7.9907103e-001
  1.9880651e+000  2.2459004e-001
  1.9973889e+000  9.0998851e-001
  2.0683991e+000 -1.2343749e-001
  2.1618418e+000  1.0512663e+000
  2.1741866e+000 -1.4774287e+000
  1.9721647e+000  6.6193862e-001
  1.9592211e+000  2.9189804e-001
  1.9236631e+000  1.6457564e+000
  2.0086582e+000 -4.0619626e-001
  2.0962693e+000  9.6486170e-001
  2.0016682e+000 -2.1917281e-003
  1.8873778e+000 -4.9340248e-002
  2.1821043e+000  1.7307986e-001
  1.9735317e+000  7.9355836e-001
  2.0613764e+000 -7.9133786e-001
  2.0254838e+000 -2.9046037e+000
  2.0040537e+000  1.0091339e+000
  2.0366042e+000  1.3029137e+000
  2.0533484e+000  1.8442460e+000
  1.8741266e+000  4.4787371e-002
  1.7325248e+000 -1.0047035e+000
  2.1464346e+000 -1.0600690e+000
  1.8045420e+000  7.8839025e-001
  1.9076642e+000 -2.3444214e+000
  2.0867980e+000  8.8284170e-001
  1.9482538e+000  1.0792947e+000
  2.1158734e+000  2.4595723e+000
  2.1490342e+000 -4.6699756e+000
  1.9982503e+000 -8.6520336e-001
  2.0288414e+000 -3.2677563e-001
  2.2112888e+000  2.0805297e+000
  2.0591981e+000  9.2938914e-001
  1.9393821e+000 -1.3250615e+000
  1.8136048e+000  1.8873961e+000
  1.9298323e+000  1.5725019e-001
  1.9596096e+000  6.9785008e-001
  1.9612680e+000 -1.0887940e+000
  1.9034333e+000  3.1740927e+000
  2.1795268e+000  1.7604297e-001
  1.9134115e+000 -4.4394072e+000
  2.0277419e+000  1.8348687e+000
  2.0045426e+000 -1.6680455e+000
  1.9654337e+000 -4.4438470e-001
  1.8943775e+000  3.0995548e-001
  2.0296026e+000  2.8210306e+000
  2.0056990e+000 -1.4839876e+000
  2.0028031e+000 -9.7199361e-001
  2.1043291e+000  3.2123865e-001
  2.0202975e+000  1.4581403e+000
  1.9898777e+000 -1.4630089e+000
  2.0251515e+000  3.8556995e+000
  2.1946208e+000  3.7269367e-002
  2.0988008e+000  3.6984199e+000
  1.8024888e+000  1.0293638e+000
  2.1231189e+000 -4.1471353e+000
  2.0990696e+000 -2.6441669e+000
  1.9070486e+000 -1.2610996e+000
  1.9441645e+000 -1.7013756e+000
  1.9664272e+000 -1.4024053e-001
  2.0120465e+000  2.7097838e+000
  1.9582949e+000  1.3076555e+000
  1.9438392e+000  2.7871622e+000
  1.8954586e+000 -6.2237522e-001
  1.9434370e+000  1.3609950e+000
  1.9309026e+000 -6.0359640e-001
  1.9317000e+000 -1.9504222e+000
  1.7853322e+000  5.2756467e+000
  2.0475712e+000  1.9828920e+000
  1.8206499e+000 -2.4344769e-001
  2.0925808e+000  9.8709217e-002
  2.0319142e+000  1.5697714e+000
  2.0765861e+000 -3.0626860e+000
  1.9787982e+000  3.6340078e-001
  2.0932822e+000 -1.2197723e+000
  1.9266843e+000  6.9874267e-001
  1.9745815e+000 -8.9655326e-001
  1.9487456e+000  1.3801548e+000
  1.9251456e+000 -2.5168804e+000
  2.0391464e+000 -2.0582428e+000
  1.9699991e+000  3.7045171e+000
  2.0240051e+000  1.5359146e+000
  1.9720390e+000  1.8440446e-002
  1.9761383e+000 -1.3640026e+000
  2.0636081e+000  3.5616423e-001
  1.9934907e+000 -4.1821241e-001
  2.0344530e+000 -4.6470174e-001
  1.9919900e+000  5.0550839e-001
  2.1629431e+000 -4.4993192e+000
  1.7368229e+000 -1.3972779e+000
  2.2094469e+000 -7.6140009e-001
  2.0854328e+000 -5.5169911e-001
  1.8452755e+000 -1.3728334e+000
  1.9908763e+000  2.1891068e-001
  1.9335198e+000  2.1966759e+000
  1.8903312e+000 -4.9567258e+000
  1.7664492e+000 -7.1384477e-001
  2.0154097e+000 -2.8106340e+000
  2.1420143e+000  3.8429927e-001
  1.8506251e+000  3.1636559e-001
  2.0436854e+000 -1.1455563e+000
  2.1211142e+000  7.1377642e-001
  1.9546533e+000  2.1203422e+000
  2.1277505e+000 -1.8319329e+000
  1.9581757e+000 -4.4504266e-001
  1.9182979e+000  1.9408093e+000
  2.0479973e+000  3.8350684e+000
  1.8195075e+000  1.1378238e+000
  2.1040464e+000  2.2472550e+000
  1.9536421e+000  3.1089733e-001
  1.9242992e+000 -8.6490236e-001
  2.1004893e+000 -4.4258251e+000
  1.9183673e+000 -1.9206186e+000
  2.0629006e+000  8.9607747e-001
  1.9246901e+000  1.0001897e+000
  2.1262057e+000  3.1347039e-001
  1.7981977e+000  1.5709930e+000
  1.8025230e+000 -2.5297386e+000
  1.9526725e+000  3.4969587e+000
  1.8874195e+000  2.5529115e+000
  2.0321366e+000  9.8689639e-001
  2.0125265e+000 -5.0836001e-001
  1.9496023e+000 -1.9970767e+000
  1.8941312e+000  6.4320509e-001
  2.0389548e+000  1.9060010e+000
  2.2997097e+000  1.0312725e+000
  2.0155634e+000  2.2013386e+000
  1.9687686e+000 -4.0945830e+000
  2.0753069e+000 -3.5281360e+000
  2.0327761e+000  9.7629638e-001
  2.1585890e+000  1.1633737e+000
  2.0446814e+000 -1.2489848e-001
  1.7728110e+000 -2.2199788e-001
  1.9845458e+000 -1.7097162e+000
  2.0810165e+000  7.6537028e-001
  2.1145079e+000  4.4036321e-001
  1.8195157e+000 -1.1822300e-001
  1.8389107e+000 -1.6584829e+000
  1.9686079e+000  3.9701064e+000
  1.9432481e+000 -6.3628465e-001
  2.0314293e+000 -1.4271205e+000
  2.0010563e+000 -1.7329245e-001
  2.0619027e+000 -5.9901808e-001
  2.2086351e+000  1.8746842e+000
  2.0922913e+000 -2.1945524e+000
  2.1364689e+000  6.1441327e-001
  1.8530233e+000 -4.0512619e-001
  1.7236210e+000  2.4011873e+000
  2.1190547e+000  3.0138070e-001
  2.1289641e+000 -1.8305932e+000
  2.0821180e+000 -5.4422997e-001
  1.9987207e+000  4.2639748e+000
  2.0581432e+000  3.5739055e+000
  2.1043685e+000 -2.8395751e+000
  2.0134044e+000  2.1066254e+000
  1.8741278e+000  1.5586635e-001
  1.9482856e+000 -1.0686203e+000
  2.0885718e+000 -1.0635302e+000
  1.8678352e+000  2.1371220e+000
  1.9443554e+000 -1.3181777e+000
  1.9050388e+000  1.1461283e-001
  1.9030182e+000  9.9983402e-001
  1.9990555e+000 -2.2890285e+000
  1.9804925e+000  6.1612947e-001
  2.0861710e+000 -6.5740321e-001
  2.0069687e+000 -2.0190986e+000
  1.9520050e+000  4.4589177e+000
  2.1594838e+000  6.9585871e-001
  2.0239260e+000 -6.2550759e-001
  1.8150590e+000 -3.4816723e+000
  2.0239180e+000 -7.1164795e-001
  1.9079680e+000 -1.0628513e+000
  2.0290031e+000  1.1308875e+000
  2.0941817e+000 -1.1938007e+000
  1.8340427e+000  5.5797422e-001
  1.9297364e+000 -7.8710992e-001
  2.0507703e+000 -3.6353517e+000
  1.8904008e+000  6.8507790e-001
  1.8658204e+000  8.9505084e-001
  2.1051116e+000  1.5630859e+000
  2.0405447e+000 -2.3187265e+000
  1.9365532e+000 -5.7649691e-001
  1.9339642e+000  1.7127899e-001
  1.9691430e+000  3.2587193e+000
  2.0693052e+000  1.2764107e+000
  1.8317996e+000 -3.5647739e-001
  1.9981260e+000  5.3330148e-001
  1.9765637e+000 -9.6193960e-001
  2.0560225e+000 -2.1200066e-001
  1.9890103e+000  1.5008124e-001
  1.9378877e+000  1.9854179e+000
  1.8852771e+000 -2.1209151e+000
  1.9958747e+000  1.9336561e+000
  2.2211480e+000  1.0886271e+000
  2.1148156e+000 -2.8404525e+000
  2.1189449e+000  9.6095851e-001
  2.0032759e+000 -6.7679572e-002
  2.0930232e+000  3.4706007e-001
  2.0092172e+000  2.2151428e+000
  2.0707709e+000  4.0456687e+000
  2.0493554e+000  1.8594502e+000
  1.9163619e+000  1.4664986e+000
  1.9456801e+000 -7.6000062e-001
  2.0013834e+000 -1.7881210e+000
  1.9385098e+000  1.6476382e+000
  1.9662279e+000 -3.7142490e-001
  1.8696107e+000  8.8307554e-001
  2.0716580e+000 -8.0101883e-001
  1.9728613e+000  3.7066886e-001
  1.9731297e+000  2.5303704e+000
  2.0305830e+000  3.3295113e+000
  1.8249457e+000  2.4224666e-001
  1.9224633e+000 -1.4323016e+000
  1.9482563e+000  6.1197866e-001
  1.8214460e+000  4.0374006e-001
  1.9504191e+000  2.0141344e+000
  1.9724884e+000 -6.6563897e-001
  2.0063114e+000  1.9242380e+000
  1.9765434e+000  1.3085909e+000
  1.9018864e+000 -3.0555395e-001
  1.7904664e+000 -1.6399169e+000
  1.9830493e+000  3.2752178e+000
  1.8372336e+000  2.5337672e-001
  2.0000674e+000  3.4223552e+000
  1.8832964e+000 -3.8814185e+000
  2.0056606e+000  2.2684726e+000
  2.1078031e+000 -4.8271587e-001
  2.0499613e+000  9.2721985e-001
  1.9034075e+000 -1.8789249e+000
  2.0324904e+000 -8.2621892e-002
  1.8963090e+000  2.5218472e+000
  2.0733573e+000 -1.8809551e-001
  1.8963595e+000  8.3105823e-001
  1.9659515e+000 -4.7264545e-001
  2.0890648e+000  1.0823076e+000
  1.9855897e+000 -1.5551811e+000
  1.9818153e+000 -1.7507845e+000
  2.0880290e+000 -2.3201601e+000
  2.1064482e+000 -4.8624339e+000
  1.8329080e+000  6.3030900e-001
  2.1250858e+000  2.3143349e+000
  1.8081022e+000  5.1458551e-002
  1.9479382e+000  2.0348452e+000
  1.8630548e+000 -7.2192536e-001
  2.1910750e+000 -2.6297254e+000
  1.9396390e+000 -2.6271415e+000
  2.0484158e+000 -6.1199931e-001
  1.9115700e+000 -1.5795261e+000
  2.1540551e+000 -3.4568462e+000
  2.0456551e+000 -1.7105521e+000
  1.9883414e+000  3.2095361e+000
  2.0681641e+000 -1.1979125e+000
  1.9315921e+000  1.2435674e+000
  2.1521597e+000 -1.1275028e-001
  2.0163134e+000  1.9878350e+000
  2.1948378e+000 -4.7360310e-001
  2.0318320e+000  1.9672539e+000
  1.9673550e+000 -1.6594749e+000
  2.0355661e+000 -3.0381391e-001
  1.8383240e+000 -5.7724942e+000
  1.9502031e+000  4.6908498e+000
  2.1521717e+000 -2.4424218e+000
  2.0492290e+000  9.0997657e-001
  2.0584555e+000 -1.4118458e+000
  2.0785618e+000 -3.9251567e-001
  1.8895547e+000  2.7652778e+000
  2.0042685e+000 -1.2525325e+000
  1.9253657e+000 -3.1353279e+000
  2.0714077e+000  8.8812710e-001
  1.9173315e+000 -3.3816782e+000
  2.1129758e+000 -1.9812887e+000
  2.0852608e+000 -2.1541145e+000
  2.0869497e+000 -3.0129994e+000
  1.9725082e+000  4.1533731e-001
  2.1135193e+000  2.0077195e+000
  2.1106539e+000  3.9963067e-001
  1.8785096e+000 -2.2432927e+000
  1.8654223e+000 -2.5509743e+000
  1.8825531e+000  4.8603973e+000
  2.0612538e+000  2.4775465e+000
  1.9378863e+000 -1.1421920e+000
  2.0558419e+000  5.9827104e-002
  1.9648131e+000  4.9590344e-001
  1.9509954e+000  3.3271417e+000
  1.8868352e+000 -7.1261903e-001
  1.9196775e+000 -1.5774793e+000
  2.0489893e+000 -3.7013951e-001
  2.0322176e+000  3.6435879e-001
  2.1698656e+000 -1.3832172e-001
  1.8304939e+000  1.9236596e+000
  2.1376522e+000  6.1851074e-001
  1.9071790e+000  1.2741955e+000
  1.9666047e+000 -5.0594309e-001
  1.8989219e+000 -2.0037403e+000
  1.9772718e+000  4.1536543e-002
  1.9480117e+000  2.4429244e-001
  1.9202488e+000 -1.3462815e+000
  1.9352754e+000 -1.7718289e+000
  1.9638842e+000 -5.4792965e-001
  1.8206476e+000 -2.3843304e+000
  2.0990701e+000 -5.2456047e-001
  1.9389621e+000  2.9835493e-002
  2.1077467e+000  5.6268733e-001
  2.0375659e+000 -3.2854411e+000
  2.0287218e+000  1.3451798e+000
  2.1342167e+000  1.5758086e+000
  1.9252060e+000 -2.3686153e+000
  2.0995182e+000  7.3908909e-001
  1.9872350e+000  8.7450747e-001
  1.8446223e+000 -2.8342728e+000
  1.9761147e+000  6.5237022e-001
  2.0528206e+000  1.6957966e+000
  2.0447986e+000 -2.3289612e+000
  1.9297869e+000  3.0397893e+000
  2.0628264e+000  3.3156482e+000
  2.0066006e+000 -1.5046914e-003
  1.8006364e+000 -2.8653876e-001
  2.0169361e+000 -3.1392224e+000
  1.9925933e+000 -2.0030150e+000
  1.9449463e+000 -1.7974837e-001
  2.0958373e+000 -6.8628044e-001
  1.9501442e+000 -5.2402822e-001
  2.1392115e+000  6.0163393e-001
  2.1058930e+000  1.0890192e+000
  2.0961476e+000 -9.0472155e-001
  1.9964852e+000 -3.9047738e-001
  2.1625079e+000 -2.3761555e+000
  1.7855587e+000 -3.3777375e+000
  2.0935532e+000 -5.6273332e-001
  1.8570204e+000 -6.2165175e-002
  1.8040824e+000 -6.7956676e+000
  1.9975917e+000 -1.7986659e+000
  1.8174761e+000 -5.5819892e-001
  2.0706121e+000 -1.7384953e+000
  2.0427694e+000 -4.2437561e+000
  2.1188003e+000 -9.3742224e-001
  1.8628642e+000  2.8844790e-001
  1.8908540e+000  3.6009591e+000
  1.8077791e+000 -1.2676778e+000
  1.8942685e+000 -2.1478948e+000
  1.9784319e+000  1.4550209e+000
  1.9627634e+000 -8.4354674e-002
  1.9171510e+000  1.0552857e+000
  1.8562489e+000 -1.4545697e+000
  1.9069929e+000 -4.2768074e-001
  1.9914853e+000  1.3683296e+000
  1.6322957e+000 -2.9042623e+000
  2.0598327e+000 -2.9173375e+000
  1.8844296e+000  5.4982785e-001
  2.0339722e+000 -2.0463396e+000
  1.8220397e+000 -1.8922697e-001
  1.9547757e+000  1.5444846e+000
  2.1116280e+000 -1.2190156e+000
  1.9868522e+000 -3.9086356e+000
  2.0222203e+000  2.0824939e+000
  1.9005851e+000 -7.1650230e-001
  2.1564388e+000  9.2351891e-001
  2.1438095e+000 -2.1474013e+000
  1.9620365e+000 -6.9247573e+000
  2.0228685e+000 -6.4611747e-001
  2.0792305e+000 -6.8730853e-001
  1.9702784e+000 -5.0134424e+000
  1.9719817e+000 -5.4316503e-001
  1.9873363e+000 -2.5930930e-001
  1.8566686e+000 -8.0384438e-001
  2.0602074e+000 -4.0259264e+000
  2.1140713e+000  5.6500719e+000
  1.8079980e+000  2.1622498e+000
  1.8856489e+000 -2.3525129e+000
  2.0004456e+000 -7.4975721e-002
  2.1205530e+000 -2.6634939e-001
  1.9956072e+000 -1.3610334e-001
  2.0296366e+000  2.5831868e+000
  1.9604903e+000  2.8340996e+000
  1.8454086e+000 -3.1401045e+000
  1.9449988e+000  5.1421204e+000
  1.8714950e+000 -2.6141546e+000
  2.1563449e+000  3.0688839e-001
  2.0201199e+000  8.7500072e-001
  2.1364230e+000 -2.0271774e+000
  1.9447605e+000 -1.7801341e+000
  2.0114244e+000 -3.7037109e-001
  2.1553554e+000 -3.4286845e+000
  2.1133229e+000  1.6392213e+000
  1.9172641e+000 -2.0201881e+000
  1.9549648e+000 -3.1641928e+000
  2.0708853e+000  4.9850463e+000
  2.0845721e+000  1.9781741e+000
  1.9665739e+000  1.7904581e+000
  2.1379976e+000  1.1216976e+000
  1.9176811e+000 -2.6191457e+000
  2.1437912e+000  3.6728094e+000
  2.0437342e+000 -1.3612517e+000
  2.0011340e+000 -5.4895553e-001
  1.9185408e+000 -1.1360676e+000
  2.0479552e+000 -1.6710717e-001
  2.0441563e+000 -1.8269193e+000
  1.9437218e+000  8.8972906e-001
  2.1002296e+000 -3.2312677e-001
  1.8582996e+000  1.5501273e+000
  2.0521276e+000 -4.0289560e-001
  2.0369265e+000  5.7410867e-001
  1.9139166e+000 -9.7924305e-001
  1.8189088e+000  8.0156579e-001
  2.1124786e+000  5.4375737e-001
  2.2048885e+000  4.2974385e-001
  1.9206609e+000 -1.0839086e+000
  1.8768188e+000  8.1161488e-001
  2.0389879e+000  1.1586325e+000
  1.9813163e+000  7.6012914e-001
  2.3826426e+000 -1.5417458e+000
  1.8738553e+000 -3.7425574e+000
  2.0934546e+000  4.2537573e+000
  1.9388778e+000 -1.0050623e-001
  1.7980680e+000 -8.5410600e-001
  2.0636943e+000 -1.0880282e+000
  1.9496311e+000  9.1395961e-001
  2.0299201e+000 -2.6090095e+000
  2.0195942e+000  2.1179029e+000
  2.0816851e+000  2.0549369e+000
  1.9314188e+000  4.1130918e-001
  2.0199195e+000  4.7759599e-001
  2.0934334e+000  9.1035737e-001
  2.1128194e+000 -9.9199229e-001
  1.8792801e+000 -1.9457178e+000
  2.2727760e+000  1.4250660e-001
  1.9631514e+000  4.9950821e-001
  1.8467645e+000 -1.3138555e+000
  2.1333280e+000  1.6810806e-001
  2.1580008e+000  4.3513169e-001
  2.0518390e+000 -1.0966259e-001
  1.9124503e+000  1.9693545e-001
  1.9457334e+000  1.3107997e+000
  2.0351269e+000  1.4628914e-001
  2.0820790e+000 -2.7411783e+000
  1.9863567e+000 -2.2962058e+000
  2.0231728e+000 -2.2589339e+000
  1.9255837e+000 -1.8702296e-001
  1.8389282e+000  1.2254383e+000
  2.0261819e+000 -2.9231737e+000
  1.9914324e+000  1.6162152e+000
  1.9885377e+000  2.2047081e-001
  2.0539020e+000  4.1633050e+000
  1.9103246e+000  5.1549526e-002
  1.9304000e+000 -1.2698353e+000
  2.0450979e+000 -7.1021744e-002
  1.9998843e+000  1.1941225e+000
  2.1582167e+000  1.9853434e+000
  2.1295627e+000  1.9439367e+000
  2.0911048e+000  7.9519270e-001
  2.2057014e+000  2.8946563e+000
  1.9992939e+000  1.1501686e+000
  2.0279849e+000  2.1956832e+000
  1.7970359e+000 -1.6607918e+000
  2.0679207e+000  7.6779261e-001
  2.1506217e+000 -2.5743284e+000
  1.9950524e+000  4.6317485e-001
  1.9043273e+000 -2.8376983e-001
  1.8590224e+000 -7.2874784e-001
  2.0184644e+000  4.1030041e-001
  2.0041813e+000  2.8029175e+000
  1.9961787e+000  4.2433238e-001
  1.9739804e+000  1.7332611e-002
  1.9457217e+000 -2.2401704e+000
  2.0143074e+000  3.8666889e+000
  1.9555199e+000  7.4194566e-001
  2.0059343e+000 -2.7327537e+000
  1.9809187e+000  9.3926129e-001
  1.8875748e+000  2.2198065e+000
  1.9641207e+000  2.1106866e+000
  1.9698252e+000  6.5572775e-001
  1.8943324e+000  9.4692359e-001
  2.0363552e+000  2.3559953e+000
  1.9341632e+000 -4.3619233e-001
  1.9823182e+000  3.1966493e+000
  2.0336891e+000 -1.3238282e+000
  2.0596886e+000  8.0280606e-001
  2.0134052e+000  9.4389251e-001
  1.9363694e+000  2.7081753e+000
  2.1114917e+000  8.2781823e-001
  1.9566612e+000  4.6022446e+000
  2.1072937e+000 -1.5449772e-001
  1.9769506e+000 -8.2478967e-001
  2.1145406e+000 -8.1108111e-001
  2.0821266e+000  1.7496577e-001
  2.0353926e+000 -1.2505917e+000
  1.9088022e+000 -2.9517989e+000
  2.0461463e+000  2.7428506e+000
  2.0027734e+000  1.1386306e+000
  2.1587398e+000  1.6515829e+000
  1.9861896e+000 -1.7523792e+000
  2.0768433e+000 -1.0381059e+000
  1.8840934e+000 -3.5492517e+000
  1.9858834e+000 -6.6512474e-001
  2.0702970e+000  4.2866580e+000
  2.0742524e+000 -1.4229803e+000
  1.9285360e+000  9.7980506e-001
  2.0092719e+000  1.4629342e+000
  1.9111901e+000  1.7901237e+000
  1.8474796e+000 -1.1714841e+000
  1.8739983e+000 -2.6673306e-002
  1.8429623e+000 -1.8670942e+000
  1.9912570e+000  3.0904267e+000
  2.0861324e+000 -1.5269627e+000
  2.0807514e+000 -9.8740333e-001
  2.0080455e+000 -1.7064485e+000
  2.0921831e+000 -1.7351135e+000
  1.9634604e+000 -2.6039946e+000
  1.8178401e+000  3.2557926e+000
  2.0623180e+000  4.4278714e-001
  1.8999470e+000  1.2098372e+000
  2.0759009e+000  1.4159164e+000
  1.9844502e+000 -8.8833452e-002
  2.1607429e+000  1.3214100e+000
  2.1762069e+000  1.2618621e+000
  2.1745764e+000  1.1926687e+000
  2.0139552e+000 -2.1842235e+000
  2.0846882e+000 -3.6720012e-001
  1.9524419e+000  8.8853209e-001
  1.9664654e+000 -2.1750478e+000
  2.0741839e+000  8.1884772e-001
  2.0342857e+000 -2.5630150e+000
  2.0427043e+000 -3.1588542e+000
  2.1832064e+000  3.0811620e+000
  2.1336445e+000 -2.9381707e+000
  2.0212941e+000  7.1908554e-001
  1.9134548e+000 -3.0825286e+000
  1.6659211e+000  1.4482017e-001
  2.0479403e+000 -6.6053725e-001
  2.2121427e+000  9.3766302e-001
  1.7886779e+000 -2.4231586e+000
  1.9092470e+000  2.5221172e+000
  1.9365122e+000  1.3542244e+000
  2.0956568e+000 -3.3032916e+000
  2.0763452e+000 -3.4971137e+000
  2.0479219e+000  1.6308847e+000
  1.9583109e+000  1.4322730e+000
  2.0916698e+000 -1.4228911e+000
  1.9936187e+000 -4.4221273e-001
  2.0070381e+000 -4.1260966e+000
  2.0771501e+000  8.3300976e-003
  2.0423679e+000 -3.6255194e-001
  2.1890132e+000  9.6145535e-001
  2.1658610e+000  1.6940404e+000
  1.9978182e+000 -3.0116383e+000
  1.9700552e+000 -1.6004189e+000
  1.8016210e+000 -1.2899493e+000
  2.2457917e+000  1.0541675e+000
  1.9985633e+000 -5.6849420e+000
  1.9373890e+000  8.3403870e-001
  2.0163844e+000 -3.5122208e+000
  1.9923560e+000 -3.8713187e+000
  2.0088854e+000 -1.1430880e+000
  2.0791919e+000  1.4494801e-001
  2.0479369e+000 -5.2082931e-001
  2.0470028e+000  4.9948635e-002
  1.9988209e+000 -2.4012979e-001
  1.9463763e+000 -4.7563859e+000
  1.9895503e+000 -2.3620015e+000
  1.9566598e+000  7.2328189e-001
  2.0764216e+000 -3.1110808e-001
  1.8299100e+000 -4.8410031e-001
  2.0464843e+000  1.6076719e+000
  1.9944207e+000 -3.7534885e-001
  1.9878210e+000 -5.1414414e-001
  1.9163422e+000  1.3829031e+000
  2.0731793e+000 -3.2843161e+000
  2.1005019e+000  3.2064831e-001
  2.0224587e+000  3.4729350e+000
  1.9482942e+000 -5.9027470e-001
  1.9593693e+000  2.8384489e+000
  2.1078767e+000 -2.6987251e+000
  1.9420057e+000 -1.0763458e+000
  2.1078596e+000 -1.3179982e+000
  2.1053955e+000  1.2021163e+000
  1.8277941e+000 -1.3447245e+000
  2.0589405e+000  8.4562033e-001
  2.0230196e+000  4.0176837e+000
  1.7714937e+000  1.1520166e+000
  1.8718091e+000 -3.0683820e+000
  1.9718329e+000  9.9827603e-001
  1.9185815e+000 -3.2622538e-001
  2.0047123e+000 -1.1672637e-001
  1.8584778e+000  1.7513624e+000
  2.1986163e+000 -3.2439831e-001
  1.9875169e+000  1.6477127e+000
  1.9657183e+000 -1.8447019e-002
  2.0032602e+000 -7.0190273e-001
  2.0514425e+000  5.9732035e-001
  1.9773050e+000  1.7283693e+000
  2.1550899e+000 -1.3034743e+000
  2.0255148e+000 -3.2282169e-001
  2.0944490e+000  5.9367270e-002
  1.9184848e+000 -2.0023858e+000
  1.8966567e+000  1.3803541e+000
  2.0889566e+000 -1.4006817e+000
  2.0267628e+000 -1.2205793e+000
  2.1079711e+000 -5.1098983e+000
  1.9027063e+000  1.3133808e+000
  1.9603008e+000  2.2973302e-001
  2.0714641e+000 -1.7100055e+000
  2.0343798e+000 -9.9489777e-001
  1.9649647e+000 -1.1214874e+000
  2.1462772e+000  2.3339375e+000
  2.1491903e+000 -2.4370845e+000
  1.8854431e+000  7.8114825e-001
  1.9361506e+000 -2.6787549e+000
  2.1388127e+000  7.7535580e-001
  1.8596872e+000 -2.7707545e+000
  2.0141576e+000 -6.6137572e-001
  1.9684345e+000  3.9734625e+000
  2.1627873e+000  2.7021632e+000
  1.9054060e+000 -4.6849667e+000
  2.1200870e+000 -2.9602062e+000
  2.0004951e+000  1.7333729e-001
  1.9746015e+000  8.2106196e-001
  1.8126331e+000 -4.2500110e+000
  1.9533559e+000  1.4982665e+000
  2.0509776e+000  1.0491494e+000
  1.9497060e+000 -1.7938378e+000
  1.9404004e+000 -1.1897763e+000
  1.8776714e+000  3.3195851e+000
  2.0378355e+000 -6.0479284e-001
  1.9063283e+000 -1.8097299e+000
  1.9819308e+000  1.0773423e-001
  1.9875397e+000  3.8319876e+000
  2.2075436e+000  3.3194527e-001
  1.8621466e+000 -2.3912633e+000
  1.9724786e+000  1.3686348e+000
  1.9838851e+000  1.9891185e+000
  2.1230467e+000 -2.8583892e+000
  1.8643713e+000  1.6884696e+000
  2.1098163e+000  1.6327169e+000
  2.0778660e+000  2.5974996e+000
  2.0636646e+000 -3.5891473e+000
  2.1177110e+000 -3.2494270e-001
  1.8387737e+000  2.6681396e-001
  2.2144385e+000 -1.7488873e+000
  2.0766501e+000 -1.0485436e-001
  1.9797917e+000 -4.6538877e-001
  1.9685792e+000  6.8269850e-001
  2.1992490e+000  1.5898055e+000
  1.8926774e+000  1.1345240e-001
  2.0276659e+000 -1.5005841e+000
  1.9532324e+000  9.0161616e-001
  2.1082349e+000 -2.0115388e+000
  1.9148517e+000  1.4025711e+000
  2.0443333e+000 -9.4487127e-001
  1.9408948e+000  5.5200687e-001
  2.1493633e+000  1.4822296e+000
  1.9137334e+000  2.5297334e+000
  2.0173784e+000 -9.3924773e-001
  1.9005873e+000  8.6933416e-001
  2.0042996e+000  2.9861137e+000
  2.0191875e+000  1.2498992e+000
  2.0170295e+000  2.3416482e+000
  1.6758167e+000  4.1335766e+000
  1.9902732e+000  2.8180738e+000
  2.1668391e+000  2.1214095e-002
  1.9247107e+000  1.9188422e+000
  2.0451129e+000  3.5224896e-001
  2.0386220e+000  3.8405234e+000
  1.9431056e+000 -2.1190190e+000
  2.0887526e+000 -2.8609308e-001
  2.1359072e+000 -2.4456414e-001
  1.9002329e+000  4.1018836e-001
  2.0106624e+000 -2.7069508e+000
  1.9425918e+000 -2.9744707e+000
  1.9752342e+000 -3.5829964e-001
  2.0674685e+000  1.0619129e+000
  2.0638135e+000  2.1805828e+000
  2.0285869e+000 -9.7057941e-001
  2.1206769e+000  1.7283314e-001
  1.9165247e+000 -1.9008480e-001
  2.0947210e+000 -4.9035177e+000
  1.9353850e+000 -3.3265265e-001
  1.9262130e+000 -2.4009429e+000
  1.8982048e+000  4.3632865e-001
  2.0360794e+000  1.7794580e+000
  1.9615125e+000  4.3691534e-001
  2.2070659e+000 -2.5435410e+000
  1.8921376e+000  1.4325595e+000
  2.0427991e+000  3.8864694e-001
  2.0414210e+000 -1.3477061e+000
  1.8720101e+000 -6.8538611e-001
  2.0992219e+000  1.8996891e-001
  2.1291552e+000  1.0305418e+000
  2.0855501e+000  1.9464391e+000
  2.0128733e+000  1.3514199e+000
  1.9099186e+000  1.4193570e+000
  1.9502354e+000  2.2412206e+000
  2.0763076e+000  1.0804469e+000
  1.9956627e+000 -7.8852341e-001
  1.9737734e+000 -6.9680654e+000
  2.0717150e+000 -4.2456167e+000
  1.8713927e+000 -3.3856516e+000
  1.9082068e+000  1.8954720e-001
  1.8883123e+000 -1.2630522e+000
  2.1129734e+000 -1.7981236e-001
  1.9222465e+000 -5.6363169e-001
  1.9833909e+000 -1.0484610e+000
  1.9966211e+000  2.3065824e+000
  1.9650158e+000 -9.7314129e-001
  2.0219069e+000  3.2752646e+000
  2.1614213e+000  4.5025259e+000
  2.0143205e+000  1.6073683e+000
  2.0624396e+000 -3.2334229e+000
  2.0711217e+000  2.3372022e+000
  1.9662280e+000 -2.8741402e-001
  1.9696887e+000  9.4906841e-001
  2.1311711e+000 -2.5460745e+000
  1.9511472e+000  2.8928175e+000
  1.9176654e+000  9.4692028e-001
  2.0828738e+000  6.3686525e-001
  2.1507840e+000 -1.7137354e-001
  1.8951209e+000  3.4359612e-001
  2.0250672e+000  2.2165048e+000
  1.8661970e+000 -1.2118373e+000
  1.9482421e+000 -3.9344587e+000
  1.9354551e+000  3.5518000e+000
  2.1113837e+000  2.9775312e+000
  2.0621174e+000 -2.7226498e-001
  2.0908786e+000 -1.5329590e+000
  2.0843860e+000 -5.6058777e-002
  1.9236539e+000 -1.9868538e+000
  1.8917233e+000 -2.1239850e+000
  2.0011051e+000 -5.2360447e-001
  2.0904051e+000  1.0678189e+000
  2.0320551e+000  1.0978126e+000
  2.1254568e+000  2.3701960e-001
  1.9086132e+000  2.0791064e+000
  1.9500058e+000 -2.1508721e+000
  1.8904044e+000  4.1363129e-001
  2.1344131e+000 -1.8033792e-001
  1.9615974e+000  8.0995520e-001
  1.9559212e+000  1.6590007e+000
  1.8555968e+000  3.4289317e+000
  1.9261178e+000 -8.5689902e-002
  2.1304059e+000 -1.9901130e+000
  2.0641028e+000 -1.3843042e+000
  2.0253013e+000 -3.7264918e+000
  1.9979505e+000 -1.8360949e-001
  2.0461346e+000  1.3268926e+000
  2.1975847e+000  1.6559272e+000
  1.9822924e+000 -3.2662699e+000
  1.8770455e+000  1.4213299e+000
  1.9023960e+000  4.8482394e-001
  2.0360013e+000  3.1437290e+000
  2.2701638e+000 -8.2917294e-001
  2.0663981e+000  3.8736647e+000
  1.7436464e+000  1.0531940e+000
  2.0069780e+000  4.7638648e-001
  1.9595335e+000  1.6096526e+000
  2.0355009e+000  1.9517784e+000
  2.0505783e+000 -2.0556773e+000
  1.9109589e+000  8.0960953e-002
  2.0042383e+000 -3.5177554e+000
  2.0150181e+000  1.4012979e+000
  1.9861984e+000 -3.9037315e+000
  1.9492918e+000  6.2093652e-001
  2.0647519e+000  1.2570522e+000
  1.9349073e+000  1.2580852e+000
  2.0063781e+000  2.3997030e+000
  2.1045558e+000 -2.7962737e+000
  1.9589404e+000  4.7248028e-001
  1.9566915e+000  2.9909109e-001
  1.9164567e+000  2.6242361e+000
  1.8579351e+000  3.8206862e-001
  1.9380416e+000  1.2143777e+000
  1.8816538e+000 -1.1115188e+000
  1.9253581e+000  3.0532587e+000
  1.9669799e+000  2.0972206e+000
  1.9518007e+000  1.7452748e+000
  2.0766350e+000  7.8949344e-001
  1.9556713e+000 -1.0815825e+000
  1.9932248e+000  1.5886872e+000
  2.0959728e+000 -1.8713706e+000
  2.1515887e+000  1.5796351e+000
  2.2339458e+000 -8.7567806e-003
  2.1138621e+000 -1.2753499e+000
  1.9379639e+000 -9.4209878e-001
  1.8956130e+000  1.6649302e+000
