  4.0014047e+000 -5.9701826e+000
  6.4048089e+000 -2.9863392e+000
  2.1032147e+000 -5.5189279e+000
  5.8425830e+000 -3.2321662e+000
  3.6517796e+000  6.1654084e+000
  2.7868499e+000 -5.4368025e+000
  1.2771787e+000 -5.7749276e+000
  2.5591900e+000  5.7020391e+000
  4.3750065e+000  5.1416908e+000
  5.5618495e+000  1.2995108e+000
  5.3090311e+000  2.0889323e+000
  4.4862088e+000 -5.4887159e+000
  9.7217392e-001  5.9716404e+000
  2.3758535e+000  6.7806812e+000
  2.3457239e+000 -5.4840732e+000
  2.1785582e+000 -5.6479082e+000
  5.3390625e+000  1.8150535e+000
  1.0527092e+000  7.0116428e+000
 -5.3246608e-001  5.9722200e+000
  4.5856510e+000  5.6074558e+000
  5.6904970e+000 -6.5177938e+000
  6.0135763e+000  2.8518620e+000
  6.7471289e+000 -3.2040095e+000
 -1.9889134e+000 -4.1046772e+000
  7.8946266e+000  2.6137480e-001
 -2.9749390e+000  6.4272118e+000
  7.5389622e-001 -6.3888928e+000
 -1.2459380e-001  5.3213927e+000
  1.3368436e+000  6.6211155e+000
  5.5607572e+000  9.1058958e-001
  4.0605530e+000 -3.2402439e+000
 -3.5145377e+000 -5.7837714e+000
 -2.9111523e+000  5.4794449e+000
  5.5986008e+000  5.0017927e+000
  4.8220965e+000  2.3782852e-001
 -8.0609690e-001 -5.9940280e+000
 -2.6229029e+000 -5.1454319e+000
  5.6840810e+000  7.2873457e-001
 -2.7020505e+000  5.4687487e+000
  1.1594484e+000 -6.7095033e+000
  5.3421584e-002  6.5468451e+000
  1.9853440e-001 -4.3631255e+000
 -2.1125522e+000 -5.7395659e+000
 -1.7932477e+000 -5.1412389e+000
  1.9367920e+000 -5.5641592e+000
 -2.0521768e+000  4.5434250e+000
  4.9601723e+000  4.5123054e+000
 -8.1890706e-002  6.5837876e+000
  5.8514208e+000 -1.9162491e+000
  4.7516149e+000 -3.4368747e+000
  4.0217736e+000  4.6537268e+000
  5.2912186e+000 -1.9908587e+000
 -2.0804935e+000  5.3475629e+000
 -2.2387605e+000 -6.0299450e+000
  9.1652934e-001 -6.2588962e+000
  5.9124073e+000  4.2029366e+000
  5.1894438e+000 -1.6509078e+000
  2.4840396e+000  5.5594436e+000
  6.5248745e+000  1.6047154e+000
  5.8664694e+000  3.4736245e+000
 -1.1597285e+000  6.2299840e+000
  5.0280682e+000  3.9239241e-001
  3.4009034e+000  5.4563920e+000
  3.1540416e+000 -5.9540600e+000
  1.7545782e+000 -4.8559099e+000
  8.4246923e-001 -7.4774332e+000
  6.1418836e+000  2.3193687e+000
 -1.0125793e+000  5.4974174e+000
 -1.1733914e+000 -6.5144469e+000
  5.9644215e+000  1.2911882e-001
  3.3054413e+000  4.5796529e+000
  5.9566081e+000  1.4669637e+000
  1.3487433e+000  5.6885491e+000
  1.5211486e+000  4.9530442e+000
 -1.4775587e+000 -6.7919775e+000
 -1.2668783e+000  5.1395958e+000
 -1.9668759e-001  6.3497047e+000
  3.3611342e+000 -6.1301250e+000
  4.4946192e+000  1.6977205e+000
  4.4842445e+000  5.0490254e+000
 -5.4162225e-001 -6.3538909e+000
  5.2088381e+000  1.0472379e+000
  1.2211246e+000 -5.5614877e+000
  2.6245771e-001 -6.2303286e+000
  5.2005287e+000 -3.2024976e+000
 -1.1773778e+000 -7.0252730e+000
  3.3131841e+000 -2.1908311e+000
  6.2565406e+000 -2.7040053e+000
 -2.7345896e+000 -3.0887952e+000
 -1.4011685e+000  5.4085962e+000
  5.5611209e+000  8.3827551e-002
  6.8357474e+000  3.9677889e+000
  5.4504638e+000  4.5788966e+000
  4.2292677e+000 -3.6413364e+000
  2.5686656e+000 -4.5651563e+000
 -2.1298002e-001 -7.3975764e+000
  2.4800748e+000  7.7068433e+000
  5.0744245e+000 -3.1248030e+000
  2.0518082e+000  4.9988711e+000
 -2.7031647e+000  5.7992054e+000
  4.3947614e-001 -5.3163895e+000
 -3.5052085e+000  4.2411485e+000
  5.2861290e+000 -1.1399159e+000
 -1.5449088e-002 -6.5480947e+000
  6.6857691e+000  3.3402661e+000
  2.8056459e-001  8.0838707e+000
  2.5009330e+000 -7.1271267e+000
 -2.6598256e+000 -5.4449306e+000
  6.5857783e+000  3.4852277e-001
  1.3000548e+000 -6.3199356e+000
  4.0040953e+000  5.8015157e+000
  2.8511990e+000 -5.4400664e+000
 -2.6828323e+000 -3.6232665e+000
  9.4995643e-001 -6.3298031e+000
  4.8552415e+000 -4.4006614e+000
  2.5736324e+000 -4.8561099e+000
 -2.8081879e-001  6.8217067e+000
  5.0567385e-001 -7.4941288e+000
  2.4820478e+000 -4.0902543e+000
  9.1688821e-001 -5.7808279e+000
  5.5848062e+000 -2.1657592e+000
 -4.5626941e+000 -6.5710320e+000
 -2.1559040e+000  5.1914505e+000
  2.7793189e+000 -3.4404267e+000
  2.0982526e+000  6.1491317e+000
  2.3237568e-001 -6.2293272e+000
  4.2872000e+000  2.5434573e+000
 -2.4754148e+000 -4.7587680e+000
  6.7302609e+000 -2.0394993e-001
  4.3885038e+000  1.6715892e+000
  3.4959638e+000 -5.0206384e+000
 -1.8410285e+000  4.4310708e+000
  4.6571133e+000  4.4186498e+000
  2.0160332e-001  7.5361644e+000
  6.0263452e+000 -5.1715670e+000
  2.2469237e-001  4.6002348e+000
  8.3910723e+000 -1.7320259e+000
  5.1988915e+000  3.8639851e+000
  6.3289804e+000 -2.0052035e+000
 -2.2856009e+000 -3.7706048e+000
  8.2448826e+000 -1.8215640e+000
  6.2401767e+000  2.0364686e+000
  7.4014566e-002 -6.4664267e+000
  4.9928999e+000  5.7384997e+000
 -3.3301822e+000  4.6295016e+000
  6.9871356e+000 -7.8518508e-001
  7.4387876e+000 -5.4923694e-001
  3.9674138e+000 -5.4469078e+000
  4.1576170e+000 -3.8699574e+000
 -3.0220008e+000 -6.3399417e+000
  2.1146863e+000 -5.5321172e+000
  4.8977231e+000 -2.8754894e+000
 -1.2945797e+000 -5.0602380e+000
  4.8808723e+000  3.1241700e+000
  1.0727263e+000 -7.0347428e+000
  7.1258389e+000 -1.9083554e+000
 -1.3867561e+000  6.2267023e+000
  3.9509926e+000 -6.2023190e+000
 -1.8954760e+000  5.7138290e+000
  2.7984727e+000  4.8543374e+000
  8.3261671e+000  1.7010896e+000
 -4.3281830e-001  6.2260394e+000
  3.9625942e+000 -6.3621098e+000
 -2.1387780e+000 -6.6413934e+000
  4.8113229e+000 -5.4014758e+000
  3.2002555e+000 -4.6435344e+000
 -1.4552578e+000 -6.6553657e+000
 -1.0894237e+000 -6.9154844e+000
  5.4047640e+000 -4.8447595e+000
  9.9456100e-001 -4.2533654e+000
  6.3552364e+000  3.1260912e+000
 -3.0185142e-001 -6.5465131e+000
  1.2895914e+000 -4.0582312e+000
  4.7380858e+000 -2.5597520e+000
  1.6813993e+000 -5.8184535e+000
 -1.5609684e+000  5.0457650e+000
  4.0370485e+000 -4.2360509e+000
  6.8319252e+000 -1.0920987e+000
  3.7613132e+000  1.7970891e+000
 -1.1643166e+000 -6.9744139e+000
  2.6646336e+000 -4.6320175e+000
  1.4376009e+000  6.2011068e+000
  5.0531763e+000 -2.0000685e+000
  5.1876994e+000 -2.0388665e+000
  5.0449922e-001  6.3909941e+000
  1.5947269e+000  5.4591586e+000
  8.0256608e-001  6.8404914e+000
  1.7894836e+000 -5.0838230e+000
 -3.1296748e+000  6.6100466e+000
  6.8022448e+000  3.9350582e+000
  3.0256989e+000  6.5873230e+000
 -1.4388068e+000  4.9743076e+000
 -2.8209501e+000 -5.2643862e+000
 -2.1849909e+000  5.7932625e+000
  7.1526659e+000 -2.0734476e+000
  5.9978755e+000  3.4569716e+000
  3.3237694e+000 -7.5333421e-001
  6.0570191e+000  8.9475930e-001
  3.9864799e+000 -3.9239320e+000
  6.6256275e-001  5.6545694e+000
  6.4557653e+000  2.9982446e+000
  6.6294170e+000 -2.2655345e-001
  3.7964543e+000  4.9496542e+000
  3.6278026e+000 -4.8533836e+000
  4.7629592e+000  3.9012089e+000
  4.4695124e+000 -4.7472125e+000
  5.2671329e+000 -2.6775655e+000
 -3.4046433e+000  6.1346200e+000
 -1.0992675e+000  5.5613372e+000
  6.4732444e+000 -3.6409095e+000
  1.0244103e+000 -6.6260428e+000
 -4.3696908e+000 -5.6315639e+000
  4.1717542e+000  3.8348025e+000
 -1.6844909e+000 -4.8093282e+000
  4.5578904e+000  4.4138409e+000
  7.4936065e+000 -6.8223648e-001
 -2.1829476e-002  7.3479483e+000
  6.7628193e+000  4.6131975e-001
  2.1735033e+000  6.2819694e+000
  2.1076292e+000 -5.1363387e+000
  3.2009330e+000  4.9187117e+000
  6.6459773e+000  3.1019191e+000
  3.2961502e+000 -5.0226022e+000
  1.1063948e+000 -6.1569459e+000
  3.7803559e+000 -6.8569716e+000
  4.1932156e+000  3.4441984e+000
  2.5733203e+000  7.8920547e+000
  5.2881970e+000  4.3165816e+000
  7.9467975e+000 -2.7380807e-001
 -3.2742337e+000  3.9227232e+000
  5.4621513e+000 -3.8014465e-001
  5.1217275e+000  2.0053633e+000
  1.9322132e+000  4.6412934e+000
 -1.0963271e-001  5.5803854e+000
  5.7678768e+000  2.5028559e+000
  5.5149286e+000 -3.0524733e+000
  5.5238004e+000  1.3492669e+000
  2.6264003e+000  5.1889847e+000
  3.1922485e+000  7.3587925e+000
  6.6104696e+000  2.5912140e+000
  2.9268127e+000 -6.2104816e+000
  2.8046255e+000  7.5917388e+000
 -1.5651963e+000 -5.0060434e+000
  4.7807871e+000 -2.4245572e-001
 -1.7801946e+000 -6.1463377e+000
 -2.1313614e-001  7.6014293e+000
  3.8865164e-002 -6.3738612e+000
  5.8847775e+000 -1.7041420e+000
  3.6190113e+000  3.2252093e+000
  4.2450811e+000 -1.8929908e+000
  6.6101555e+000  8.7547040e-001
  7.5253703e+000  1.9185538e+000
  5.1514760e+000 -6.2781380e+000
 -3.3829039e+000 -3.8781218e+000
  4.9664605e-001 -6.6709770e+000
  5.4056212e+000  3.7602978e+000
  1.9163173e+000 -4.3254779e+000
  6.0427176e+000 -2.2977403e+000
  5.8544509e+000 -3.7883780e+000
  2.3362158e+000  5.5708907e+000
  5.4818529e+000 -3.6985987e+000
 -1.3908972e+000  4.8281175e+000
  4.9118252e+000 -2.2646238e+000
 -1.3903955e+000  6.1927836e+000
  4.1298876e+000  1.2844144e+000
  2.6744661e+000 -6.6114692e+000
  3.6559525e+000 -6.6464548e+000
  5.7959157e+000 -2.4486626e+000
  8.8153757e-001  5.2118283e+000
  5.1633653e+000 -2.1528125e+000
  2.8226088e+000  6.4643609e+000
  2.9620382e+000 -4.6603821e+000
  2.2487450e+000  6.1226416e+000
  6.7946494e+000 -1.3828113e+000
 -2.1971575e+000 -5.4468637e+000
  4.8284744e+000  3.2726549e+000
 -4.2571647e-001  6.5045003e+000
  6.8578716e+000  3.7683611e-001
  6.4987552e+000 -2.3709521e+000
  4.3090520e+000  6.6249166e+000
 -2.7358727e+000  6.9052757e+000
 -2.4366248e+000 -4.6543757e+000
 -1.6745275e+000 -6.4552543e+000
 -2.7887826e+000 -5.3585978e+000
  2.4117171e+000 -7.5484501e+000
  3.5861440e+000  5.7433911e+000
  3.2634655e+000 -4.9568801e+000
  7.0687816e+000  1.0897279e+000
 -1.6864784e+000 -8.2642178e+000
  1.8918764e+000 -5.3313595e+000
  2.9592123e+000 -4.6651979e+000
  3.9800822e+000  5.9190401e+000
  6.1292830e+000 -1.5995881e+000
 -4.5360104e+000  5.2648209e+000
  4.7071792e+000  3.7696440e+000
  4.5726277e+000 -4.1705912e+000
  1.8811235e+000  6.7848463e+000
  5.4627936e+000 -1.7524375e+000
 -2.4969246e+000 -4.5836187e+000
 -2.5658538e+000 -5.7416463e+000
  4.5584001e+000  3.9650585e+000
  8.4793748e-001 -8.0331848e+000
  4.4892733e+000 -4.6804997e+000
  2.9689695e-001 -5.1186681e+000
  1.0811262e+000  6.0315421e+000
  6.5471781e+000  4.6651445e+000
  2.1547899e+000  4.6922469e+000
  5.5596542e+000  4.4552523e+000
 -2.8812301e+000  7.0068232e+000
  6.6058837e-001 -6.2806689e+000
 -3.6238969e+000 -5.9198768e+000
  6.2632987e+000  4.1081201e+000
  2.6334066e+000  4.6683000e+000
  1.2831704e+000  5.6420750e+000
  4.1357289e+000  3.5718352e+000
 -3.1050423e-001 -6.5730551e+000
  1.0654533e+000  5.1037077e+000
 -3.2820504e-001 -7.3634294e+000
 -3.6177067e+000 -6.0553980e+000
  5.3322607e+000 -5.2631664e+000
  5.3026211e+000  3.2068897e+000
  5.6111505e+000 -1.9981119e+000
  7.9462475e+000  1.1296740e+000
  3.2137161e-001  5.8427424e+000
 -7.8023194e-002  6.2106503e+000
  3.0807284e+000  5.6913894e+000
  6.5348641e+000 -6.6686750e-001
  3.6318212e+000 -2.8613056e+000
  4.3679300e+000  3.1826238e+000
  1.2804360e+000  4.5572247e+000
 -3.7357345e+000  6.0033474e+000
  2.3668097e+000  5.7301337e+000
  3.3974060e+000 -3.8040360e+000
 -2.7990027e+000  5.7857279e+000
  4.8439860e+000  4.9281936e+000
  1.6309105e+000 -5.7516100e+000
  1.8833828e+000 -4.6228596e+000
  2.9346283e+000  5.4774701e+000
  1.3480139e+000  6.0609031e+000
  5.6990450e+000 -1.7603852e+000
  6.2673592e+000  1.8599908e+000
  5.0421796e+000  3.0257778e+000
  4.7140060e+000  4.2388114e+000
  2.5074026e+000  5.0364823e+000
  2.8836933e+000 -6.2650117e+000
 -1.0996919e+000  6.3324878e+000
  5.6149482e+000 -1.1470021e+000
  3.6274966e+000 -3.9671139e+000
 -3.5820032e+000 -4.8557828e+000
  4.1387596e+000  2.1409159e+000
  4.9099198e+000  3.3819821e+000
  1.4794485e+000  5.0291677e+000
  4.1752914e+000 -4.0831941e+000
  6.0221633e+000  4.6085214e+000
  3.7425357e+000 -3.7866908e+000
  6.3867477e+000 -2.8417374e+000
 -8.1595729e-001  5.8657752e+000
  4.3220201e+000  3.1084075e+000
  2.9989517e+000  6.2847016e+000
 -1.4474161e+000  5.1101800e+000
  6.9299391e+000 -1.2613175e+000
  2.0592145e+000 -6.1339894e+000
 -3.6864814e+000  5.3986731e+000
  2.7636033e+000 -4.8954772e+000
  3.3174184e+000  4.0691119e+000
 -4.1733008e+000 -6.2651947e+000
  3.8802295e+000  5.1112542e+000
  3.9256163e+000 -4.2345717e+000
  3.8858604e+000  4.1526274e+000
  2.5021127e-001  5.0758045e+000
  2.1207073e-001  5.8318004e+000
  9.3791328e-001  6.3819008e+000
  4.2951602e+000  3.4699492e+000
  4.6538869e+000  6.1541240e+000
  5.7461109e+000 -3.8167791e-001
  6.8515440e+000 -2.4234738e+000
 -3.4392442e+000  5.1690213e+000
 -3.1389429e+000 -5.4236800e+000
  4.2116093e+000 -4.7880360e+000
  3.1588476e-001 -5.4958034e+000
  5.3427752e-001  5.8586948e+000
  6.3792252e+000  1.3528172e+000
  5.2225003e+000 -3.2687891e+000
 -1.0170040e+000 -7.9424745e+000
  1.4860134e+000 -7.7601733e+000
  7.3975611e-001 -4.8376808e+000
  5.0004754e+000  1.9266948e+000
  3.3506037e+000  4.2223862e+000
  6.2200718e-001  5.6181407e+000
  3.8242947e+000 -3.1255476e+000
  3.5319335e+000  6.1001776e+000
  6.0476037e+000 -1.3102732e+000
  4.6174949e-001  5.0563629e+000
 -2.2833880e+000  6.2359372e+000
 -3.3103878e-001  7.2204587e+000
  3.0364583e+000 -5.8901759e+000
  1.4569576e+000 -4.6687800e+000
  7.3913011e+000  1.2533864e+000
  4.6869463e+000  2.2489152e+000
 -2.9956757e+000 -2.6964099e+000
  1.9922218e+000  5.2439374e+000
  1.2660306e+000  3.8540201e+000
  5.7064322e+000  4.6290109e-001
  3.6590760e+000  3.2942219e+000
  5.4110860e+000 -2.1477044e-001
  5.5739785e+000  6.1114909e-001
  1.8380797e+000  4.2181195e+000
  5.8162497e+000 -2.8729362e+000
 -1.6825097e+000  7.7890321e+000
  1.8727906e+000  4.4309915e+000
  2.4206785e+000  7.1015194e+000
  7.0436502e+000  1.0840124e-001
  4.6216853e+000  5.4107873e+000
  5.9722889e+000 -2.6522891e-001
  5.9470302e+000  2.5178109e+000
 -9.7393702e-001 -6.0258214e+000
  2.4844455e+000  7.4536980e+000
 -1.6200812e+000  6.1345513e+000
  4.8475574e+000  5.6446022e-002
  5.7494234e+000 -3.8637298e+000
 -1.2996474e+000 -7.1446715e+000
  9.8759281e-001 -5.4182158e+000
  4.7526278e+000 -1.9725295e+000
  6.5025251e+000  3.4798366e+000
  5.0037829e+000 -2.0499927e+000
  4.8575835e+000 -2.6497704e+000
  5.5374537e+000 -1.8375631e+000
  5.0938414e+000 -4.2082501e+000
  6.8704699e+000  1.3917519e+000
  9.9865779e-001 -5.2647925e+000
 -4.1367482e-001  7.4213065e+000
  3.0360207e+000 -2.6631092e+000
  1.4748241e+000  5.8683330e+000
  4.7771496e+000 -1.3580494e+000
  3.5530652e+000 -6.2603262e+000
 -1.0880548e+000  6.1167433e+000
  4.5405002e+000 -2.4866776e+000
 -3.0185492e+000  7.2682105e+000
  5.2900540e+000  3.8990396e+000
 -3.5352846e+000  6.6080013e+000
  3.4474370e+000  6.0650732e+000
  5.0233625e+000  2.1056862e+000
  5.2508445e+000 -4.2578629e+000
  7.3618441e+000 -2.1508835e-002
 -1.3047966e+000  5.7814917e+000
  8.2028990e-001 -5.2940683e+000
  3.7929404e-002  5.4985037e+000
  4.4822152e+000  3.5805096e+000
  2.2263147e+000 -6.5891294e+000
  5.1436010e+000 -2.4452125e+000
 -2.2337420e+000 -4.8018938e+000
  5.7097255e+000 -3.8413871e+000
  7.2752074e-001 -6.7022510e+000
 -1.3208661e+000 -5.8147697e+000
  4.9431752e-001 -6.3550856e+000
  1.3587051e+000  6.7632652e+000
  3.4079748e+000  5.5174577e+000
  6.5355227e+000 -7.6825289e-002
  5.9614701e+000 -3.4505535e+000
  7.0480879e+000 -3.9877926e-001
  6.0047515e+000 -5.4288233e-001
 -1.7039769e+000 -7.0526549e+000
  5.6515070e+000 -5.2476411e+000
  3.3725294e+000 -4.9204035e+000
  4.6507675e+000 -4.1067637e+000
  3.4740218e+000  4.0588863e+000
  3.3325827e+000 -5.6290902e+000
  5.2551596e+000 -3.0665665e+000
  6.4580186e+000  3.7267128e-001
 -7.3424649e-001 -5.9499643e+000
 -3.5230266e+000  4.6512759e+000
  8.8263239e+000 -7.1772076e-001
  5.2983797e+000  4.1408845e+000
  1.3274534e+000 -6.8120055e+000
  1.9793003e+000 -6.0292161e+000
  4.4163545e+000  2.5995154e+000
  5.2280593e+000  3.1872904e+000
  7.1179934e+000 -1.3126063e+000
  4.2673401e+000  3.1440237e+000
  6.5848971e+000 -2.6080759e+000
  6.6061466e+000  1.5332863e+000
 -1.6431593e+000  5.8579021e+000
  6.9247966e+000  3.6324446e+000
 -1.2794819e+000  4.9552832e+000
 -1.8973852e+000 -6.1318039e+000
  3.0999568e+000  6.3242204e+000
  5.5522562e+000  3.8764438e+000
  2.7081002e-001 -5.5572729e+000
  5.4872498e+000  1.8506576e+000
  3.6054451e+000 -3.0366050e+000
  5.7546866e+000  1.6221841e+000
 -3.9947007e+000 -6.6278574e+000
  2.6133250e+000 -6.8473245e+000
 -2.8059848e+000  5.1024493e+000
  2.9434797e+000 -6.1883672e+000
  6.2058733e+000  4.2904407e+000
  6.1058828e-001  7.1014881e+000
 -3.6765199e+000  6.8306114e+000
  3.5282559e+000  5.8454043e+000
  3.0340614e+000  1.2978867e+000
  1.6332451e+000  5.1944170e+000
 -2.3243356e+000 -6.9896730e+000
  5.5648787e+000  1.9909791e+000
 -3.8047165e-001 -5.0242968e+000
  4.7937456e-001  7.9431584e+000
 -8.5596723e-001  5.8643452e+000
 -2.7587829e+000 -4.8569484e+000
  4.3255202e+000  4.0894307e+000
  1.8310995e+000  5.1125342e+000
  3.7037743e+000 -5.7961997e+000
 -2.1388611e+000  7.1229852e+000
  4.1585162e+000  4.3384646e+000
 -1.6247219e+000 -6.0781379e+000
  1.1481835e+000 -5.1212462e+000
  4.2264148e+000  4.0691753e+000
 -1.4331609e+000 -7.2003616e+000
  6.0300271e+000 -2.3554576e+000
  2.7562016e-001  6.1161312e+000
 -2.8194031e+000 -5.0386095e+000
  6.2677428e+000  1.1478428e+000
  6.1720314e+000 -5.2208451e-001
 -1.2379959e+000  5.3501853e+000
  1.7577424e+000 -5.4079146e+000
  1.1265110e+000  4.8463978e+000
 -2.0166558e+000 -7.8305088e+000
  4.5275400e+000  7.3319898e+000
  6.4296414e+000  2.1300476e+000
  6.6102618e+000 -4.6706064e-001
  3.6103428e+000 -2.9706188e+000
  3.1496216e+000 -4.9966947e+000
 -2.8547799e+000 -6.2305548e+000
 -2.4644562e+000  2.9052218e+000
  5.7658498e+000  2.5230807e+000
  3.4708875e+000  4.8963593e+000
  2.9229594e+000 -4.7540933e+000
  6.4394198e+000  4.9843090e+000
  5.5791538e-001  5.2626773e+000
  6.6867073e+000  2.0892272e+000
  4.8427511e+000 -4.5577756e+000
  1.1575460e+000 -5.9821097e+000
  3.5028820e+000 -6.0687092e+000
  5.1643545e+000  3.8313934e+000
  8.0039543e+000  7.4235690e-001
  4.2861556e+000 -1.0460603e+000
 -4.3680376e+000  4.5506039e+000
 -2.1096760e+000  6.3727609e+000
  5.3113645e+000 -2.5116502e-001
  6.5881731e+000 -4.2949027e+000
  1.6671243e+000 -5.8510283e+000
  6.9060232e+000  4.0892476e-002
  6.2854069e+000  2.7997661e+000
 -8.4058287e-001 -7.1750105e+000
  9.2347293e-001  3.9696561e+000
  4.6912368e+000  4.9557196e+000
  5.6868528e+000  1.7438656e-001
 -3.3402975e+000  7.9173753e+000
  1.2470902e+000  6.3040256e+000
 -2.5699261e+000  5.0013762e+000
 -1.6654518e+000  3.0176039e+000
 -2.9309519e+000  6.9478625e+000
  7.4573195e+000 -3.3019582e+000
  1.3599730e+000 -6.8247587e+000
  1.2065476e+000  7.0798259e+000
  8.2004161e-002 -8.3380837e+000
  5.9352162e+000  1.6385619e-001
  4.7284935e+000 -2.9614855e+000
  4.9830196e+000 -3.1939420e+000
 -3.1070925e+000  6.5494061e+000
  4.9520827e+000  1.8423095e-001
 -1.8309838e-001  6.6619257e+000
  6.9970229e+000 -2.4685873e+000
 -2.8005644e+000 -5.2804697e+000
  4.2934827e+000  5.0084090e+000
  7.0443302e+000 -2.6651525e-001
 -1.5154712e+000  7.2006105e+000
  1.8604104e+000  3.6340299e+000
  1.1630919e+000 -6.2366563e+000
  5.0924895e+000  3.9225189e+000
  5.8937179e+000 -1.5577976e+000
 -4.5492188e-001 -5.9454510e+000
  1.7324238e+000 -4.5888566e+000
  4.4114175e+000 -3.5173840e+000
  7.0109136e+000  3.5202168e+000
  5.6401697e+000  1.8029191e+000
  3.3658716e+000  6.6471748e+000
  3.7953893e+000  5.4268504e+000
  5.4201318e+000  4.9563775e+000
  5.0411868e+000  4.5744367e+000
  1.3052869e+000  6.6809857e+000
  2.0960265e+000  6.4565475e+000
 -3.3880446e-001 -4.1296981e+000
  7.1120066e+000 -2.3660077e+000
  6.0182692e+000  7.7294967e-001
 -3.0535426e+000  5.1266192e+000
  5.7209811e+000  1.4492452e+000
  2.5952826e+000  5.8358152e+000
 -2.5358362e+000 -5.2670042e+000
  4.6972310e+000 -2.7734751e+000
  3.9189748e+000  3.1864159e+000
 -3.0183990e+000 -5.6405966e+000
  5.2193976e+000 -4.0119251e+000
  5.8286170e+000  3.6512392e-001
  3.8628579e-001 -6.2241314e+000
 -1.3074344e+000 -7.2007360e+000
  2.9744154e+000  6.3949547e+000
 -2.4771349e+000  6.8460672e+000
  3.4532369e+000  5.7841419e+000
  6.3258641e+000 -5.5349372e-001
  2.4776272e+000  5.7795975e+000
  6.4706108e+000  4.7818204e+000
  4.5457949e+000 -2.3451200e+000
  3.6972347e-001 -5.9099941e+000
  4.4487671e+000  3.7832820e+000
  3.2000807e+000  6.0198155e+000
  6.4683036e+000  2.9807883e+000
  2.3275964e+000 -5.6393774e+000
  6.8925956e-001 -5.8704951e+000
 -2.7427650e+000  6.5218396e+000
  7.5045877e+000 -4.7625110e-001
  6.5516502e+000  1.9407357e+000
  9.0528488e-001  4.7227062e+000
 -3.7165279e-001  4.6463710e+000
  4.8700418e+000  3.8481093e+000
  1.8807407e+000 -5.6888697e+000
  6.6554853e+000 -1.8338517e+000
  4.2525257e+000  5.4246888e+000
  5.3696607e+000 -5.2767752e+000
  4.2717800e+000  4.6462521e+000
 -2.7922714e+000  5.7982582e+000
  5.0628481e+000 -3.2465694e+000
  2.0971380e+000 -5.1040475e+000
  2.0512502e-001  7.0239282e+000
  7.4906544e-002 -7.4066555e+000
  2.5699341e+000 -4.8468794e+000
  2.9260417e+000 -6.5385141e+000
  3.0516975e+000 -3.5474141e+000
  6.2660099e+000  2.1688615e+000
  6.3709823e+000 -6.1580875e-001
  1.6302093e+000 -6.9310196e+000
 -2.3916291e+000 -5.4891253e+000
  2.4765175e+000 -4.1652455e+000
  5.3366251e+000  4.2320606e+000
  4.2078822e-001 -5.9822358e+000
 -1.9088521e+000  4.7272342e+000
 -1.1813221e+000  4.6498241e+000
  3.8016861e+000  4.0425855e+000
  3.4457404e+000 -5.2578579e+000
  7.0894421e+000  2.7492042e+000
  3.1944721e+000  5.5362416e+000
  1.0021744e+000  6.2432764e+000
 -2.1498785e+000 -5.6422483e+000
  3.4269193e+000  6.6007658e+000
  5.5833422e+000 -4.6539756e+000
  6.7015031e+000 -3.4840434e+000
  4.7244174e+000 -5.9083913e+000
 -5.6151412e-001  7.3284498e+000
  5.4560671e+000 -2.0580879e+000
  3.4193867e+000  5.0573669e+000
  4.5822181e+000  3.2119494e+000
  2.8139220e+000  5.4891986e+000
  5.6143744e+000 -2.6848965e+000
 -2.0541612e+000  5.6494278e+000
  2.3525028e+000  4.2444167e+000
  9.5893938e-001 -5.4175805e+000
 -2.5026881e+000 -5.9608664e+000
 -2.9530139e-001 -7.1749223e+000
  6.0745861e+000 -4.6252499e+000
  4.4390666e-001  5.3234654e+000
  5.8338865e+000 -9.7902552e-001
  1.3177320e+000  6.9661509e+000
 -1.4156001e+000 -7.3863337e+000
 -2.0677947e+000  6.0035062e+000
  4.0041710e+000 -4.2232585e+000
 -6.2758113e-001 -6.4274930e+000
  2.1582640e-001  7.0799705e+000
  4.0656092e+000 -4.9290956e+000
  6.6341241e+000 -2.3807250e+000
  9.8924804e-001 -6.7801359e+000
  4.1270014e+000  6.3209822e+000
 -1.0412653e+000 -7.1644099e+000
 -3.0888290e+000 -6.0021775e+000
  1.4123476e+000 -5.5133390e+000
  2.7146455e+000 -5.1810302e+000
 -3.8021583e+000  5.0092840e+000
  1.8814572e+000  5.5230263e+000
  2.2274191e+000 -4.4937777e+000
  7.0473659e+000 -2.2699563e-002
 -2.3877182e+000 -6.3044499e+000
 -1.6129289e+000  5.3754678e+000
  4.5325678e+000  4.5822792e+000
  2.7010453e+000  4.7998310e+000
  1.8948835e+000 -5.6057950e+000
  6.0159421e-001  6.6899776e+000
  1.2090620e+000  4.5767577e+000
  5.5304222e+000 -4.7879032e+000
  2.8471598e+000 -5.6292065e+000
  6.5295512e+000 -2.7278198e+000
  5.7716240e+000 -2.6947199e+000
  7.2687768e+000 -4.4163800e-001
  2.6612792e+000  6.6681307e+000
 -7.6552835e-002  5.4817765e+000
 -2.4328665e+000  6.1072048e+000
  1.9379571e-001 -6.0523403e+000
  4.3832077e+000  4.8195311e+000
  4.1679071e+000  5.9895388e+000
  2.3902226e+000 -5.7505085e+000
 -4.5535663e-001 -5.5875839e+000
  5.2979598e-001 -6.1869365e+000
 -4.4986988e-001 -5.4042649e+000
  8.8782105e-001 -5.3513535e+000
 -1.9980668e+000  5.0244576e+000
  4.5518918e+000  3.2326972e+000
  3.9104556e+000 -4.7170570e+000
  6.4867608e+000 -5.1435385e+000
 -1.4090669e+000 -6.5876254e+000
  1.8370245e+000 -5.5408340e+000
  6.4108100e+000  8.1723813e-001
 -1.0398278e+000  6.9676518e+000
 -3.5607045e+000 -5.3376222e+000
  5.4459755e+000 -3.0929654e+000
  7.8840448e+000 -2.1387317e+000
  6.3059599e+000  1.8553869e+000
  4.4508051e+000  2.5490703e+000
  5.5467111e+000 -3.0450598e+000
  5.5255425e+000  1.2096307e-001
  2.1302279e+000  5.7548713e+000
  5.3281057e+000 -3.6005477e-001
  3.7933227e+000  4.0796461e+000
 -7.3324367e-001 -5.2470384e+000
  6.6525288e+000  3.1925948e+000
 -3.6737523e+000 -5.1407054e+000
 -9.6858080e-001  4.3952775e+000
  9.0234867e-001 -4.8107823e+000
  5.1402331e+000 -1.8696373e+000
  5.6789451e+000 -5.0109405e+000
 -1.2261397e+000 -5.4300969e+000
 -1.4955423e+000  6.4107741e+000
  2.4183861e+000 -4.6136298e+000
  3.7343581e+000  3.7269514e+000
  3.6257400e+000 -7.1257734e+000
  4.4607033e+000  4.0939729e+000
  4.1014555e+000  4.4974917e+000
  1.5240480e+000  5.7998181e+000
  1.5736496e+000  7.0016447e+000
  5.7943848e+000 -4.2819378e+000
  4.8305575e+000 -5.0886516e+000
  4.3102871e+000 -2.7025376e-001
 -1.5815492e+000  6.3748584e+000
  1.5521459e+000 -6.3813177e+000
  5.4765526e+000  3.7816906e+000
  5.6701673e+000 -2.0882629e+000
 -2.1327324e+000  6.0966510e+000
  3.5831441e+000  5.2423471e+000
 -1.6647489e+000 -5.5366623e+000
  1.5083934e+000 -5.5429800e+000
 -1.7879363e+000  6.9619782e+000
 -1.6223852e+000  6.0334743e+000
  4.8754755e+000 -5.1321607e+000
  1.6353724e+000 -6.1433919e+000
 -1.8410902e+000  5.0886817e+000
  3.9608454e+000  5.3043863e+000
  6.1199764e+000 -3.1574561e+000
  9.2026744e-001 -7.7213861e+000
  4.0617758e+000  6.4181236e+000
 -4.9632556e-001  6.7530466e+000
  3.8902635e+000 -4.5462959e+000
  5.2745868e+000  3.1052802e+000
  5.9903279e+000  6.8732792e-001
  7.5736936e+000 -1.1600477e+000
  5.8135734e-001  6.7836798e+000
  5.7888548e+000 -2.6100495e+000
  1.8172026e+000 -4.9527314e+000
  5.2323676e+000 -2.2900294e+000
  3.2471018e+000 -5.3457271e+000
  4.2990236e+000 -2.7011782e+000
  1.0335627e+000  6.8064784e+000
  9.8462396e-002 -6.5799098e+000
 -1.4194119e+000  6.7122738e+000
  2.7466998e+000 -6.8642086e+000
  3.8152397e+000  4.7454670e+000
  6.7264367e+000 -3.6227071e-002
  5.7545486e+000 -8.3096025e-001
 -2.4879338e+000  7.4360469e+000
  5.1108825e+000 -5.3359931e+000
 -2.0642329e+000  7.7219282e+000
  1.9572725e+000 -7.2588730e+000
 -6.7884204e-001  6.5463582e+000
 -6.7248093e-001  5.8721731e+000
  6.3336106e+000  4.0191542e+000
  2.4268199e+000  2.4135841e+000
  4.4067916e+000 -3.6244745e+000
  4.8049700e+000 -4.7554729e+000
 -7.0295290e-001 -6.0099898e+000
 -1.8951162e+000  6.5166568e+000
 -1.8494442e+000  4.6436188e+000
  2.4367454e+000  5.3336755e+000
  5.1787953e+000 -2.5020726e+000
  1.9530115e+000  5.8323653e+000
  5.2292767e+000 -5.2239408e+000
  3.7111807e+000  4.9014220e+000
  5.2183096e+000 -5.1474910e+000
  6.5221199e+000 -2.8811593e+000
  6.8543291e+000  7.9504589e-001
  5.5623090e+000 -1.3224573e+000
 -6.1547261e-001 -5.6502758e+000
  5.8060522e+000 -1.5644307e+000
  2.9461997e+000  5.7309754e+000
  4.4871537e+000  2.2718564e+000
 -1.8232694e+000 -5.9861580e+000
  1.8829381e+000 -7.5786366e+000
 -4.1311807e+000  6.0433869e+000
  7.4555459e-001  5.5986552e+000
  4.0633332e+000 -5.3471938e+000
 -6.9262287e-001  4.8395633e+000
  4.7729671e-001  5.0640094e+000
  5.9301385e+000  7.7800986e-001
  2.2020293e+000  6.6961159e+000
  2.1964057e+000  6.4819157e+000
  4.1820592e+000 -2.0189449e-001
  4.6749343e-001  7.7495267e+000
  6.9227845e+000  3.7491010e+000
  1.9775080e+000 -5.3700745e+000
 -3.3757971e+000 -5.7165734e+000
  5.4123318e+000 -1.5302670e+000
  4.9558690e+000 -3.9102746e+000
  4.4985132e+000 -3.2832075e+000
  3.2894946e+000 -4.9353285e+000
  4.8749096e-001  5.3136382e+000
  6.4718639e+000 -1.4808022e+000
 -1.8172682e+000 -7.4531014e+000
  2.6985508e+000 -7.5762954e+000
  6.0319219e+000 -2.5858243e+000
  1.1072410e+000 -5.7517452e+000
  6.2546000e+000  4.9281692e-002
  4.9074937e+000 -5.0919285e+000
  2.4697244e+000 -4.5378950e+000
  5.8248881e+000 -3.2302891e+000
  4.0425955e+000 -5.2557545e+000
  1.3406938e+000  5.3505299e+000
  5.5950918e+000  1.3363133e+000
  1.0138899e+000  6.3469048e+000
  1.1246286e+000 -4.5365334e+000
  4.7404473e+000  4.8816789e+000
  3.1949558e+000  5.3041138e+000
  2.2276020e+000 -4.0403204e+000
  5.9726025e+000  1.7499768e+000
  2.1996243e+000  6.0238324e+000
  6.4997612e+000 -1.0265445e+000
 -2.4473471e+000  2.9698892e+000
  6.8301107e+000 -3.3379287e+000
  7.1192665e+000 -3.4901504e+000
  5.9812054e+000  8.5814203e-001
  5.2617177e-001 -5.4373636e+000
 -8.1215277e-001  6.2868756e+000
 -2.1484217e+000  8.1478198e+000
  4.8467981e+000 -1.6922258e+000
  1.8912591e+000 -6.6350674e+000
  3.7613801e+000 -6.8685953e+000
  7.1616698e+000  1.4633487e+000
  4.4721317e+000 -2.8357261e+000
 -1.6734919e+000  5.2663644e+000
 -2.7888559e+000 -5.7618594e+000
 -2.0128828e+000 -5.0145850e+000
 -1.2724100e+000 -5.1818966e+000
  4.7728102e+000  2.7216685e-001
  7.8503528e+000 -8.6951930e-001
  1.9901454e+000 -5.6507108e+000
  6.0747935e+000  5.7116497e+000
  6.3875546e+000  2.1789011e+000
  6.8305124e+000  1.8407042e-001
  7.5403867e+000  1.8563579e-001
  4.9788455e+000 -4.9121899e+000
  5.2352348e+000  4.7800298e+000
 -3.4899405e-001 -4.5525899e+000
  8.0382722e+000 -8.0260252e-002
 -3.7086094e+000 -5.8987101e+000
  1.6324354e+000 -6.6485299e+000
 -2.0375699e+000 -6.6289446e+000
 -1.1889510e+000  5.7034125e+000
  1.6857368e+000  8.4343307e+000
 -3.0797871e+000 -7.3497234e+000
 -4.6829128e+000  5.1782550e+000
  6.0582510e+000 -1.7382039e+000
  2.2723100e+000 -7.2625686e+000
  5.0870994e+000 -2.3084305e+000
  3.1905980e+000  4.1365617e+000
  5.4413718e+000  1.6432824e+000
  4.6418616e+000 -3.2947414e+000
  4.9784124e-001 -4.7598162e+000
 -1.9205494e+000 -4.4065404e+000
 -1.8942004e+000  5.1954798e+000
  9.5987261e-001 -5.9411474e+000
  5.3602395e+000  1.1880289e+000
  4.7921635e+000 -5.1076048e+000
  4.7761045e+000 -2.7377268e+000
  1.8799763e+000 -6.4222883e+000
  3.5874121e+000  6.8932835e+000
  4.1543636e+000  2.8210924e-001
 -1.4435543e+000  8.0072420e+000
  6.9688416e+000  5.2003456e-001
  3.7081719e+000  5.0721702e+000
 -4.4578225e-001  7.0742534e+000
  5.4831396e+000  5.4266627e+000
  6.3976218e+000 -3.3218512e-001
  1.2449039e+000  6.0327619e+000
  3.0898631e+000  3.6981286e+000
  9.5040476e-001  4.4908186e+000
  5.7938968e-001 -8.1785528e+000
  2.9447309e+000 -5.1478944e+000
  4.9415755e+000 -3.2583386e+000
  3.8689862e+000  5.4807011e+000
 -2.4302236e+000 -6.4791753e+000
  6.3233531e+000 -2.7415296e+000
  1.3271353e-001  8.5537887e+000
  5.0142376e+000 -3.0687372e+000
  3.9516279e+000  5.2279365e+000
  6.4209558e+000  2.6206396e+000
 -4.1034386e+000  5.5259157e+000
  2.0008464e+000  5.2522421e+000
  3.3908731e-001  6.4071394e+000
  5.0975320e+000  4.6856243e+000
 -7.0005136e-001  6.2817038e+000
  5.9052342e+000  9.6622736e-001
 -1.3784961e+000 -4.3710747e+000
  6.0258631e+000 -5.8894981e+000
 -2.9649605e+000 -5.6444455e+000
  5.0061165e+000  4.6040903e+000
  3.0182189e+000  7.0650367e+000
  7.7200859e-001  4.4778006e+000
 -3.1944964e+000  6.7957810e+000
  5.1126647e+000  3.6802342e+000
 -3.2607365e+000 -3.9211464e+000
  6.0820613e+000 -3.1585667e+000
  2.0377082e+000 -5.7824552e+000
  2.3889260e+000 -5.0271681e+000
  6.9663879e+000  1.4780355e+000
 -2.8411069e-001 -5.4590181e+000
  4.5980714e+000 -3.8718387e+000
  3.8804716e+000  4.8919706e+000
  1.0293637e+000  4.9942215e+000
  2.4573397e+000 -7.4895805e+000
  7.0071453e+000 -2.2282740e+000
  6.2627020e+000  6.3106172e-001
 -8.6145747e-001  6.7730176e+000
  2.6643981e-001  6.2592423e+000
  2.0007259e+000  3.1221756e+000
 -2.2111321e+000  4.1386607e+000
 -8.5111131e-001  7.2211105e+000
  8.3669284e-002 -6.1752987e+000
  1.4780014e-002 -6.8222190e+000
  1.6550172e-001  7.4267297e+000
 -1.7817234e+000 -4.5209978e+000
  2.6165028e+000 -6.9616464e+000
  6.5305104e+000 -3.1063109e+000
 -3.5787586e+000 -4.9935347e+000
  7.2137932e+000 -8.4218926e-001
  3.1755696e+000  4.2533906e+000
  2.2305720e+000 -5.1913881e+000
  4.5910420e+000  2.6743007e+000
  4.1225432e-001  5.8584010e+000
  3.6474298e-001  5.4739294e+000
  5.2574130e+000  2.4452067e+000
  3.9002965e-001 -6.8764814e+000
  5.8952810e+000  2.1334805e-001
  1.1970699e+000  8.5188130e+000
  2.3363907e+000 -4.9402069e+000
  4.4072592e+000 -5.1754209e+000
  5.7226934e+000 -3.3111899e+000
  2.1852716e+000  5.8539585e+000
  7.4000629e+000 -1.9183403e+000
 -3.5115698e-001 -6.5576230e+000
  4.3612982e+000  4.5344066e+000
  1.3610946e+000 -5.6972029e+000
  4.6154012e+000 -1.8181141e+000
 -4.3279068e-001 -5.9046553e+000
  4.7133220e+000  4.9292776e+000
  6.2404776e+000  7.8875471e-001
  6.3275671e+000 -3.4648187e+000
  5.0159229e+000 -4.1149990e+000
  1.6886524e+000 -5.6225844e+000
  4.6184079e+000 -3.8813561e+000
  4.6845791e+000 -6.0038051e+000
  6.3016290e+000 -1.7676343e+000
  5.4291547e+000  4.4734801e+000
 -2.0111981e+000 -5.8922707e+000
 -2.4491354e-002  4.9962742e+000
  4.1854811e+000  5.1325255e+000
 -1.0137448e+000  6.3424849e+000
  5.4299976e+000  3.3996067e+000
  6.0394224e+000 -4.1066300e+000
  9.6368590e-001 -5.8549526e+000
  5.2283719e+000 -3.1505779e+000
 -1.8396022e+000 -6.4366385e+000
  6.8392449e+000  5.7240025e-001
 -7.3017117e-002 -8.0075632e+000
  8.4179929e+000 -5.4136618e-001
  5.4134270e+000  1.7591530e+000
 -7.5494805e-002  5.7786035e+000
  6.0903500e+000  3.5355309e+000
 -2.9492720e+000  6.1912900e+000
  6.3999625e+000 -2.3004477e+000
  3.4781798e-001 -4.4345794e+000
 -2.1514052e+000  5.2612240e+000
  4.5013971e+000  3.3977928e+000
  1.9700095e+000  5.6631867e+000
  4.3678492e+000 -3.6396671e+000
  5.0456026e+000  4.4414512e+000
  2.5017781e+000  5.0498736e+000
  6.1194024e+000  2.5873601e-001
  1.9479243e+000 -6.7182988e+000
  2.9605628e+000  5.7981226e+000
  5.2955720e+000 -4.6894094e+000
  4.4114878e+000  3.4760116e+000
  7.6244785e-001  7.5619056e+000
  4.8403139e+000  2.1276000e+000
 -1.2895129e+000 -5.0613623e+000
  2.2636720e+000 -7.8619402e+000
  2.9836132e+000  5.0915403e+000
 -2.9811883e+000  5.0731509e+000
  4.8387981e+000  1.9673569e+000
  7.6566027e+000 -1.6945273e-001
 -2.2322432e-001 -6.3115429e+000
  5.6448266e+000 -2.3811949e+000
  1.8557466e+000  5.5646380e+000
  5.8048871e+000  1.6926749e+000
 -3.4031421e+000  7.2200225e+000
  5.4341439e+000 -3.5845732e+000
  3.7182086e+000  4.2680178e+000
  4.5799138e-001  5.4270413e+000
  1.0081501e+000 -7.5065594e+000
 -9.8237988e-001  6.7893371e+000
  4.2211608e+000 -4.9253562e+000
  2.2532346e+000 -5.7732125e+000
  1.6695330e+000 -4.9804691e+000
 -2.1415677e+000  5.5097823e+000
  2.5143663e+000 -5.2771368e+000
  7.5817951e+000  1.1458058e+000
  3.0747981e+000 -5.5919408e+000
  5.7235612e+000  1.3500649e+000
  2.0604511e+000 -5.1877394e+000
  7.2143418e+000 -3.2180462e+000
  2.8638136e+000 -4.3890821e+000
 -1.2051490e+000  3.7403390e+000
 -9.0155698e-001 -6.9728660e+000
  5.3371915e+000 -6.1072190e+000
  5.7200385e+000  9.3680778e-001
 -5.0608661e-001  5.8356831e+000
  2.4466199e+000  3.5034116e+000
 -5.6497727e-001  5.2535587e+000
 -1.9202967e+000  6.9361878e+000
  6.2072612e+000 -2.3693534e+000
  1.7975932e+000 -3.6577725e+000
  4.2658074e+000 -4.1135026e+000
 -5.0680163e-001  5.4589039e+000
 -2.5683741e+000 -5.7170964e+000
 -3.3292175e+000 -4.9519914e+000
  1.2355763e+000 -4.4772374e+000
 -1.1679633e+000  5.5173035e+000
  3.9271843e+000 -3.2747216e+000
  5.0022475e+000 -3.9340761e+000
  2.1389683e+000 -5.2157661e+000
  2.6092880e+000 -6.4492864e+000
 -2.3667967e+000 -6.8965731e+000
  5.6520560e+000  5.0553578e+000
  9.1531131e-001 -5.9794751e+000
 -2.2796670e+000  5.5237971e+000
  4.7720787e+000  1.9909686e+000
  2.6936347e+000  6.5752495e+000
  3.5810644e+000  4.4535158e+000
  2.0058341e+000 -6.1365820e+000
  3.9053775e+000 -4.7455051e+000
  7.8891289e-001 -5.4186708e+000
  6.2791556e-001  7.1665595e+000
  4.5827931e+000  2.1567935e+000
  8.9767046e+000 -3.8537591e+000
 -1.3438764e+000  5.5167601e+000
  6.5490714e+000 -3.9168363e-001
  2.7038893e+000  5.2174343e+000
  5.7749304e+000  3.3901880e+000
  5.9840543e+000 -4.3429124e+000
 -5.5182058e-001 -4.4031789e+000
  9.2773118e-001 -6.3337477e+000
  1.0141866e+000 -6.0357539e+000
  5.4848506e+000  1.0188923e+000
  5.2140410e+000  1.4748974e+000
 -8.4229590e-001 -6.7359743e+000
 -2.7195776e+000 -3.3056942e+000
  1.1590517e+000  4.6211690e+000
  3.2673465e+000 -4.8114764e+000
  1.1910521e+000  5.5636356e+000
 -3.7342821e-001 -6.4367878e+000
 -3.0984489e+000 -6.2335314e+000
  3.8793619e+000 -6.4546187e+000
  6.0883976e+000 -2.3734026e+000
  2.8720433e+000 -3.0882433e+000
  6.1144919e+000  2.7053499e+000
 -2.0611186e+000  6.5211034e+000
  2.2908525e-001  6.6481630e+000
 -1.8617233e+000  5.9055460e+000
  5.1921884e+000  9.9567197e-001
  4.9384990e+000  5.3149515e-002
  5.7345989e-001 -5.8718197e+000
 -7.1302080e-001 -5.8819496e+000
 -2.8988331e+000  4.6508579e+000
  5.4941088e+000  3.1596861e+000
  6.0070567e+000 -4.5536307e-001
  2.6926153e+000 -6.6359921e+000
  7.2836859e+000  1.1054117e+000
  6.5207707e+000  1.9563715e+000
  4.8511790e+000  4.0072651e+000
 -2.1691397e+000 -7.5729485e+000
 -2.1454283e+000 -5.0929432e+000
  6.7216933e+000 -3.9768060e+000
 -1.6843634e+000 -7.3082281e+000
  3.0242097e+000  5.2991109e+000
  6.6381207e+000 -2.3282290e+000
 -4.3656306e-001 -6.7306284e+000
 -9.1046730e-001  7.1999409e+000
  4.8276952e+000 -4.7366979e+000
  1.9005211e+000  5.5040052e+000
  5.8789380e+000 -2.6666168e+000
  8.4486959e+000 -2.2973514e+000
 -3.6412126e+000 -6.2548780e+000
  6.3831333e+000 -1.8838154e+000
  3.6426638e+000 -3.6799304e+000
  5.3672002e-001 -6.8914019e+000
  2.8959853e+000  5.9741195e+000
  5.0576504e+000  1.4054784e+000
 -2.8695126e-001 -6.1181445e+000
  6.4704314e+000 -1.2384506e+000
  6.0045965e+000  3.5791460e+000
  1.6416637e+000  6.5134859e+000
 -3.4438058e+000  5.8655303e+000
 -3.0070859e+000 -7.6921988e+000
  1.7417071e+000 -6.7914756e+000
  2.7996861e+000  4.4436143e+000
  5.0667867e+000  4.6025211e+000
 -6.5226817e-001 -6.7021949e+000
 -1.5104038e+000  6.1457222e+000
  7.1568038e+000 -1.7731937e+000
 -2.9916340e+000 -5.3647566e+000
  4.1084478e+000  4.1198829e+000
  3.4113660e+000 -5.7557702e+000
  5.3321907e+000  2.3982765e+000
  4.0516450e-001 -5.8128986e+000
  4.3597937e+000  3.9530546e+000
  5.2560250e+000  4.6725535e+000
  4.3080551e+000 -5.5495655e+000
  5.9092339e+000 -2.7877389e+000
 -2.0553205e+000 -5.7658034e+000
  5.0254833e+000 -2.1288404e+000
 -2.9192113e+000  5.1633590e+000
  3.6568941e-001  8.6296048e+000
  1.2360751e+000 -6.0284502e+000
  5.2562008e+000  2.4320843e+000
  2.2340282e+000  6.3804596e+000
  5.2804616e+000  3.1539498e-001
  6.2362669e+000 -4.3005768e+000
 -4.6193790e+000  5.5383012e+000
 -1.9606058e+000  6.0967379e+000
  5.7478316e+000 -3.3283681e+000
 -2.2269560e+000  5.4894849e+000
 -2.1714299e+000  5.4907002e+000
 -1.6311692e+000 -4.5064374e+000
  1.9935873e+000  5.1078140e+000
  9.3989294e-002  6.7769505e+000
  4.4441040e+000 -3.1119572e+000
  6.2539360e+000  1.0789191e+000
  2.4162348e+000  6.0769597e+000
  6.9170339e-001 -7.3451835e+000
 -1.2833191e+000  5.3660493e+000
  4.7874425e+000 -1.3398929e-001
  4.9785737e+000  3.5054128e+000
  5.2652278e+000 -9.0501437e-001
 -1.6531922e+000 -6.2587029e+000
 -2.3241948e+000  5.5661366e+000
  2.6336826e+000  5.2962497e+000
  4.9893418e+000 -1.8591877e+000
  3.7044541e+000 -5.6976471e+000
  6.0926116e+000  9.1997640e-001
  5.7276853e+000  2.9601078e+000
 -1.7767910e-001  5.7867742e+000
  6.0902733e+000  1.8014245e+000
 -4.8029712e+000 -4.0165199e+000
  7.1124125e-001 -6.5826288e+000
  1.0845610e+000  5.8272063e+000
  4.6826026e+000 -4.3364387e+000
  6.9045498e+000 -6.1231563e-001
  2.9534963e+000  5.2073854e+000
  4.1651589e+000  4.3354950e+000
  5.5577456e+000  2.4502035e-003
  7.9325265e-001  6.8137661e+000
  5.4853914e+000  4.5468940e+000
  6.3382827e+000 -2.5402716e+000
  5.7355933e+000 -4.1538609e+000
  5.5305505e+000 -5.8651047e+000
  1.3857614e+000 -4.9696904e+000
  2.8459146e+000 -6.8707590e+000
  2.1444517e+000  6.2309043e+000
  1.2974101e-001  6.2823156e+000
  4.0142730e+000  5.1199658e+000
  3.7134860e+000  5.7855237e+000
  2.7813285e+000  6.1275543e+000
  1.6336782e-001  4.4826814e+000
  1.8290227e+000  5.8768130e+000
 -6.3530570e-001  6.0506807e+000
  5.0228902e+000  2.5640307e+000
  6.3064349e+000  2.0377552e+000
  2.6458928e+000  7.1422912e+000
  1.8832884e+000 -5.6081018e+000
  1.5892065e+000  5.2874179e+000
  1.2005551e+000  6.0967170e+000
  3.1433980e+000  4.6349315e+000
  3.3710439e+000 -4.1012724e+000
  6.3426590e+000 -5.1992031e-001
  4.9030766e+000  5.8724114e+000
 -1.5962733e+000  5.4982098e+000
  3.2326754e+000  3.0937391e+000
 -6.2973850e-001  6.1800870e+000
  4.5148810e+000  4.4971171e+000
  4.6389628e+000 -3.2407850e+000
  7.3346396e+000  1.2130929e+000
  4.5291550e+000 -2.0924458e+000
  4.6059856e+000 -4.4386330e+000
  5.8068658e+000  2.2231353e+000
 -3.1728631e+000  6.4398893e+000
  5.8790758e+000  1.2839441e-001
  1.8965885e+000 -4.4670012e+000
  6.2459786e+000 -1.2657113e+000
 -2.8828279e+000 -5.7813878e+000
  1.7995945e+000  6.3697977e+000
 -4.5398176e-001 -8.3868392e+000
  4.9634148e+000 -3.2535656e+000
  8.1443825e-001 -6.4762155e+000
  4.9127201e-001  5.2964400e+000
  5.4758786e+000  4.2322879e+000
  6.2370638e+000 -4.8804252e-001
 -2.6093598e-001 -5.5318734e+000
  3.1129906e-001  5.9187871e+000
  7.7957619e+000  3.0337616e+000
 -1.6146296e+000 -6.6834948e+000
  3.9868081e+000  3.3252846e+000
 -2.5562831e+000 -4.8309966e+000
  5.6481929e+000 -4.5444823e+000
  1.4683604e+000  8.1946412e+000
  1.9046592e+000 -5.8001061e+000
  1.5092649e+000  6.7448888e+000
 -4.0525146e+000  5.8246721e+000
  3.4510599e+000  1.3484221e+000
  4.9694076e+000  1.8900130e+000
  2.6706527e+000  4.1586082e+000
 -7.7958220e-001 -5.3613591e+000
  6.4923835e+000 -1.6744902e+000
  3.3884269e+000 -5.2673528e+000
 -2.1139427e+000  5.1576701e+000
  6.3846754e-001  6.5028830e+000
  5.1023210e+000  2.0490741e+000
  3.2875521e+000 -4.9601231e+000
 -2.5448408e+000  7.0836788e+000
  1.4782907e+000 -3.9671381e+000
  3.4262615e+000 -3.7690535e+000
  3.7838602e+000 -6.3482584e+000
  6.1869588e+000  1.8780784e+000
 -1.9669069e+000  6.1988844e+000
  6.4045708e+000 -1.3191495e+000
  2.7685897e+000 -4.7654219e+000
  1.0853236e+000  7.2753277e+000
  3.6138205e-001  6.0503872e+000
  1.5829899e+000  4.4954703e+000
  5.9911120e+000 -2.4473810e+000
  4.9021384e+000 -3.0991282e+000
  6.3543782e+000  1.9104964e+000
 -3.7560316e+000 -6.5965349e+000
  3.1185218e+000  1.8333425e+000
  2.2094502e+000 -8.2734476e+000
 -1.4713573e+000 -4.8813100e+000
  3.1382249e+000  5.2217359e+000
  4.8906880e+000  3.6203420e+000
  6.0834415e+000  4.6113933e-001
  5.4591669e+000 -3.9820560e+000
  7.0715148e+000  2.0358627e+000
  6.0581821e+000 -1.2725131e+000
  5.1827115e+000 -2.2157138e+000
 -1.6167640e+000  5.3956286e+000
  4.2582148e+000  2.3610184e+000
  5.0512259e+000  4.3388866e+000
  4.5206249e+000  4.7889597e+000
 -4.6236672e+000  7.4314855e+000
  7.1473807e+000 -1.0671792e+000
  2.5672144e+000  6.6417722e+000
  2.0754338e+000 -6.0311959e+000
 -3.1221045e+000 -6.5498923e+000
 -2.1113090e+000  5.5014630e+000
  2.9234837e+000  4.8068383e+000
  3.1053676e+000  6.4375240e+000
  6.2707163e+000  4.6609147e+000
  5.0420641e+000 -4.4330794e+000
  5.6454971e+000  2.8094518e+000
 -8.8517072e-001  4.5830868e+000
  3.3385697e+000  6.4216595e+000
  2.7028418e+000  6.2445759e+000
  3.0057778e+000  3.2474856e+000
 -3.0037491e+000 -6.4793388e+000
  3.7047081e-001  6.2474390e+000
  3.2086135e+000  3.8147864e+000
 -2.7896623e+000  6.0070626e+000
  8.7185728e-001 -8.0303641e+000
  1.5750219e+000  4.0146446e+000
  6.4586531e+000  2.5910785e+000
  2.5497274e+000 -6.6008579e+000
  5.5690948e+000  1.8509054e+000
  7.5354935e+000  3.4093667e+000
  7.1856326e-001  6.2868206e+000
  2.4923562e-001  5.6064410e+000
  4.4320474e+000 -3.4947810e+000
  2.3258506e+000 -7.5893049e+000
 -3.4693165e+000 -5.9384023e+000
  5.4690168e+000  1.8375242e+000
 -1.1547441e+000 -7.0900715e+000
  3.5112717e+000 -2.4709367e+000
  3.0330915e+000  4.8799145e+000
  1.5112491e+000  6.5016858e+000
 -2.4819510e+000 -8.4041049e+000
  5.2570777e+000  3.2251228e+000
 -1.1004721e+000 -7.6399533e+000
  4.6932919e+000 -6.1400758e+000
  6.7536088e+000  2.9882328e+000
  4.8882866e+000 -9.8585484e-001
  2.2072844e+000 -6.1865311e+000
 -2.5261490e+000  5.5455765e+000
  4.5385519e+000  5.1116844e+000
  2.9857227e+000 -4.5135814e+000
 -1.8901186e+000  6.1873984e+000
  6.0902385e-001  7.4045802e+000
 -1.2001253e+000 -7.3006792e+000
  2.4373864e+000 -6.3288029e+000
  5.4314523e+000  2.5635751e+000
  4.2585035e+000 -5.3857423e+000
 -1.3354643e+000  7.3429947e+000
  4.0984760e+000  2.6173841e+000
  7.0005133e+000 -1.8287724e+000
  4.6064227e+000 -2.8109020e+000
  5.3523790e+000 -8.4408410e-001
  6.9867286e+000  1.3802867e+000
  3.0350563e+000  4.6784535e+000
  4.3753586e+000 -2.5884683e+000
  2.6384851e+000  5.8961351e+000
  5.8251134e+000 -1.8989640e+000
 -2.2331178e+000 -4.9940681e+000
  5.7355924e+000 -4.0333738e+000
  1.9732111e+000 -5.9130192e+000
 -8.1315737e-001  6.5740442e+000
 -7.8852783e-001 -5.4657836e+000
  5.6291871e+000  3.9867428e+000
  3.5864367e+000  5.2681252e+000
  9.6081631e-001 -4.3261161e+000
  4.3953306e+000 -6.7544765e+000
  8.5707181e-001  6.9353496e+000
  4.5706985e+000 -3.5210185e+000
  7.0249135e+000  1.1178658e+000
  7.4042619e+000 -3.7604973e-001
  6.3681023e+000 -1.9624841e+000
 -2.5237540e+000 -6.3049368e+000
  5.8311370e+000  6.4359989e+000
  4.7367467e+000  2.0257620e+000
  4.1955877e+000 -2.3051045e-002
  7.0780970e+000  8.2602039e-002
 -2.1897781e+000  7.5012486e+000
  6.9009371e+000  4.1226858e+000
  6.0652654e+000 -5.0834928e+000
  8.1362215e-001  8.8094854e+000
  5.4485996e+000  3.2100263e+000
 -2.3154530e+000 -5.0386710e+000
 -6.5297400e-002  5.9937164e+000
  6.7141110e-001  5.0393411e+000
  7.1579436e+000 -9.5618803e-001
 -6.9865955e-001 -5.4538213e+000
  5.3256397e+000 -1.0714373e+000
  3.0599494e+000  3.8650915e+000
  4.9427311e+000  3.3662054e+000
  5.1272299e+000 -4.1956896e+000
  5.0660119e+000 -2.0180382e+000
  5.6857438e+000  4.1843109e+000
  6.5802728e+000  1.8141214e+000
  5.0614854e+000 -3.9530629e+000
  4.0071466e+000 -6.4854105e+000
  6.3538594e+000  1.7029808e+000
  6.3576263e+000 -1.9470806e+000
  5.7538699e+000 -1.4774046e+000
  4.8684564e+000 -3.6829833e+000
  5.0827186e-001 -8.7629353e+000
  4.7906549e+000 -4.1822105e+000
  5.7172733e+000  2.8912320e+000
 -2.4611395e+000 -5.2063767e+000
  4.2333232e+000  2.7256920e+000
  5.2259032e+000  2.5313637e+000
 -1.7602421e+000  4.6984380e+000
  5.9363912e+000 -1.5590567e+000
  4.9457199e-001 -5.5866699e+000
  3.6813910e+000 -5.6321967e+000
  1.8484201e+000 -5.2924261e+000
  4.2522336e+000  5.7294847e-001
  6.1306045e+000 -3.7759857e+000
 -3.9997589e+000  6.2941229e+000
 -7.8289035e-002 -6.5944229e+000
  1.2905026e+000 -6.0560441e+000
  3.3294768e+000 -5.7038097e+000
 -3.2257880e+000  5.9497273e+000
  5.2351931e+000  6.3647729e-001
  5.3393031e+000 -3.5652685e+000
  7.2593333e+000  1.5317305e+000
 -3.2600935e+000 -4.1743374e+000
  4.4743121e+000  4.9708358e+000
  5.3066427e+000  1.9205262e+000
  6.7713936e-001  7.1927704e+000
  2.7002938e+000 -3.6213930e+000
 -6.2318458e-001  6.1884527e+000
  2.1295161e-001 -6.6079989e+000
 -1.1205406e+000 -6.6624690e+000
  3.9607980e+000  3.1356663e+000
  7.0011883e+000  1.2073096e+000
  5.3961231e+000 -6.1002084e+000
  6.3113232e+000  2.6714016e-001
  1.1727006e+000 -6.9740532e+000
  6.3134677e+000  1.1636949e+000
 -2.4668516e+000  7.1456389e+000
  1.3292733e+000  7.6090053e+000
 -2.2338919e-001  6.2308009e+000
 -2.6464584e+000 -3.7154773e+000
  6.8705379e+000  8.6008330e-001
 -1.3471902e+000 -4.0702936e+000
  5.2058933e+000  4.0883820e+000
  5.4637812e+000 -2.4253582e+000
  2.8196276e+000 -6.0931644e+000
  1.5404993e+000 -5.9568217e+000
  1.3445596e+000  6.2012769e+000
  4.9483649e+000 -3.1869588e+000
  1.6389966e-001  6.1508281e+000
 -2.9993585e+000  5.1186058e+000
 -3.1412938e+000 -5.9694727e+000
  4.3998051e+000 -1.8230129e+000
  6.5337908e+000  7.2156489e-001
  5.3678633e+000  5.8201074e+000
 -2.5254607e+000 -5.7587986e+000
  3.5464545e+000 -4.4378310e+000
  3.4848565e+000 -5.0238206e+000
  2.1503819e+000 -6.4494723e+000
 -8.0016520e-001 -5.7067323e+000
  4.2064273e+000  1.3919839e+000
  3.5845489e+000 -5.7343872e+000
  1.0540697e+000  6.0505534e+000
  5.1481708e+000 -4.5231299e+000
  3.6819500e+000  5.5070587e+000
 -1.0015493e+000 -5.7542434e+000
  9.5913124e-001  5.8011215e+000
  1.1602164e+000  7.7296603e+000
  3.8577349e+000 -4.6634154e+000
 -2.3963225e+000 -7.5750152e+000
  5.2872121e+000 -6.0984552e-001
 -2.1999197e+000  6.2779914e+000
  3.6617485e+000  7.0448986e+000
  1.2843641e+000  7.0783323e+000
 -4.3798212e+000 -5.3164897e+000
 -2.1608580e+000 -5.9705860e+000
 -1.7974062e+000  6.7679904e+000
  6.3483656e+000 -1.7624219e+000
  6.2715083e+000  1.8365959e+000
 -1.3396847e+000  5.1973356e+000
  4.7002568e+000  3.6531539e+000
 -2.6809309e+000 -5.8642918e+000
  2.2481535e+000  5.2685278e+000
  2.9676145e+000 -4.6319400e+000
  4.0719645e+000 -3.8199101e+000
  2.7219389e+000  6.9071979e+000
  3.1441067e+000  3.7097792e+000
  1.0451652e+000 -6.5168431e+000
  3.2942003e+000  5.8425488e+000
  6.7191020e+000  8.6344414e-001
  4.8399713e+000  3.2643118e+000
  8.5322283e-001  4.3487257e+000
  3.6711566e+000 -3.3064383e+000
  1.5842883e+000 -6.1344759e+000
  3.9410147e+000  2.9376654e+000
 -2.8261722e+000 -6.3210998e+000
  3.4173152e+000 -3.6993692e+000
 -3.3960014e-001 -7.3412623e+000
  9.6652794e-001 -6.1931020e+000
  5.9289439e+000  1.7281646e+000
  6.1733134e+000  1.0672495e+000
  2.4112669e-001  7.7539949e+000
  6.1242122e+000  2.8043617e+000
 -1.9395466e+000 -7.4717573e+000
 -2.9226057e-001  6.1516659e+000
  4.9155185e-001 -6.8532297e+000
 -8.4366171e-002  5.9046330e+000
  3.8639516e+000 -4.2975289e+000
  5.9193962e+000 -2.3377698e+000
  4.0231162e+000  6.6153831e-001
 -2.2685746e+000  6.0170690e+000
  3.8607035e+000 -5.8923182e+000
 -1.8313305e+000 -4.3848205e+000
  7.5375703e+000  1.2796974e+000
  7.2994766e+000 -3.2488916e+000
  4.3002792e+000 -1.1582940e+000
 -1.1042700e+000 -5.7132014e+000
  4.9385526e+000  2.6961913e-001
  5.3753612e+000  1.6730943e+000
 -1.1076354e+000  5.7637094e+000
 -1.3757949e+000 -4.7935296e+000
 -2.9531536e+000 -3.5563129e+000
 -4.7896938e+000  4.8009283e+000
  3.5173536e+000  1.8553801e+000
  3.1614813e+000  4.7642646e+000
  4.6718229e+000  4.4329726e+000
  2.5902766e+000  6.8938542e+000
  2.5112241e+000  5.2673750e+000
  2.8964845e+000 -3.0334590e+000
 -7.2295803e-001 -6.6916917e+000
  1.1490827e+000  4.5611814e+000
 -2.7389126e+000 -5.6513272e+000
  5.2577933e+000  3.2430945e+000
 -8.2760912e-001 -6.4767078e+000
  2.9553755e+000 -4.5584699e+000
  7.3946095e+000  2.8404136e+000
  6.4618324e+000 -1.8310828e+000
  6.5270960e+000  2.9432527e+000
  5.7583743e+000 -1.3925600e+000
  2.0594313e+000  6.3954417e+000
  5.1178635e+000 -3.1208292e+000
 -3.0655463e-001  4.9527526e+000
  2.6171002e+000 -4.2373443e+000
 -1.7124413e+000  5.6470997e+000
 -2.4448917e-001 -4.6595628e+000
  2.7996383e+000 -6.5723766e+000
  3.3379842e+000 -3.1794752e+000
  6.5177692e+000  2.9823147e+000
  2.9504399e+000 -6.0725001e+000
  1.7565964e+000 -4.7932162e+000
 -2.7035677e+000  4.3221117e+000
  6.2762717e+000  6.1099209e+000
  5.7122449e+000  6.3397387e+000
 -3.7580098e+000 -6.9071713e+000
  3.1673207e+000  4.2450513e+000
  3.7563147e+000  5.8842475e+000
  2.3661715e+000 -5.2451707e+000
  3.8231777e+000 -5.6423421e+000
  5.2405674e+000 -2.8187268e+000
  6.2994675e+000  2.0357009e+000
  4.8385770e+000 -4.6108210e+000
  2.0287731e+000  4.7918702e+000
  6.1998749e+000  2.4033232e+000
  4.8130074e+000  1.4634765e+000
  1.7251895e-001  5.0328725e+000
  5.0707894e+000  2.1452875e+000
  9.9299900e-001  5.7495189e+000
  7.2071693e+000 -2.1853618e+000
  2.6520375e+000  6.5894767e+000
 -2.3274229e+000  3.8249829e+000
  6.1999089e+000 -2.1984180e+000
  5.1691867e+000 -4.0808512e+000
  3.4925354e+000 -7.2518550e+000
  3.3575250e+000 -5.9429030e+000
  6.6507555e+000 -2.6587135e+000
 -1.5947332e+000 -4.8439510e+000
  1.0719085e+000  4.9164382e+000
 -1.3438094e+000 -7.9289249e+000
 -3.0969144e+000 -4.3200463e+000
 -6.5798002e-003  5.1121214e+000
  2.3273402e+000  6.9861323e+000
  4.4164636e+000 -3.9936294e+000
  4.4267026e+000  3.9243898e+000
  4.6398192e+000 -5.2040516e+000
  7.7495923e+000  2.8553856e+000
  4.1501000e+000  6.1006127e+000
  5.8756588e+000  4.0364893e+000
  4.4334293e+000  4.5192316e+000
  5.9531538e-001  6.1073716e+000
  1.4697118e+000 -4.1976258e+000
  4.3440198e-002  7.6068915e+000
 -9.8304573e-001 -8.1824970e+000
  2.7720057e-001  6.7374773e+000
  4.1972855e+000 -3.5537005e+000
  7.1320179e+000  1.1085315e-001
  7.5511709e+000  7.7914314e-001
 -2.1894704e-001 -5.3539206e+000
  9.9715841e-002  6.5123532e+000
  7.1433425e+000 -2.6126174e+000
  3.1436218e+000  5.7356299e+000
  5.5235399e+000 -4.2401164e+000
 -1.2618264e+000  5.0507153e+000
  4.4746433e+000  5.0395881e+000
  3.0726546e+000  4.9040303e+000
  4.2131727e+000  2.4682529e+000
  2.7048725e+000 -2.6947388e+000
  6.7593589e+000  4.8774908e-001
  2.1327938e+000 -5.9508785e+000
 -7.5877076e-001  5.6462359e+000
 -7.0717945e-001  6.2321148e+000
 -2.5138562e+000 -7.0929220e+000
 -9.7649993e-001  4.3558676e+000
  2.7491277e+000 -5.3640501e+000
 -3.4225799e+000 -5.3847733e+000
 -2.8356342e+000  4.9114394e+000
  4.7579862e+000  4.8204481e+000
  4.9898520e+000  6.0281504e+000
 -1.5254815e+000  4.6193792e+000
  1.5450809e+000 -6.2144640e+000
  4.2664625e+000 -5.4248236e+000
  4.9222261e+000 -4.8856990e+000
  5.0112775e+000 -2.4590778e-001
  6.0500609e+000 -4.7345411e+000
  1.6291409e+000  4.8571070e+000
 -1.0717031e+000  5.5671867e+000
  3.1745712e+000  6.9127238e+000
 -7.8578965e-001 -5.0979952e+000
  6.7583096e+000  1.4104747e+000
  1.1123983e+000  5.8761250e+000
  4.8075659e+000 -5.2177049e+000
 -3.5272666e+000  6.3780158e+000
  4.9324702e+000 -4.8752083e+000
 -6.0796525e+000 -5.4337450e+000
 -1.2756365e+000 -6.1444706e+000
 -2.1666848e+000 -7.5150033e+000
  2.9215045e+000  5.1604547e+000
 -7.4635337e-001 -6.3539681e+000
 -2.9793238e+000  5.0506442e+000
  6.9642184e+000 -2.4915550e+000
  1.7901151e-001 -7.3371408e+000
  4.1194884e+000  4.3873348e+000
 -1.5306695e+000  6.8363366e+000
  1.9805000e+000  5.7640288e+000
  1.1760330e+000  4.7804822e+000
 -5.5860330e-001 -4.0861305e+000
 -1.1188308e-001  7.6281287e+000
  4.0755589e+000  4.2979159e+000
  5.4478425e+000 -2.8106790e+000
  4.2477848e+000  6.1005214e+000
  3.8763608e+000 -4.1557108e+000
  6.3546120e+000  3.5898630e+000
  6.1639884e+000 -7.8855523e-001
  3.0916178e+000 -7.1195723e+000
  5.2486684e+000 -2.0029179e+000
 -2.7463198e+000 -7.8089870e+000
 -2.8623477e-002  4.7131066e+000
  7.2218864e+000 -1.1507023e+000
  5.3498635e+000 -3.0231737e+000
  8.2062200e-001 -6.4915201e+000
  3.8238671e+000 -2.8345601e+000
 -3.9925394e-001  5.3376293e+000
  4.3843191e+000 -4.0884051e+000
  6.1293506e-001  7.0899813e+000
  3.9012237e+000 -5.2357808e+000
  5.3782594e+000 -1.7803712e-001
  8.5124124e-001 -5.0929832e+000
  2.7413622e-001  6.9670726e+000
  5.8491288e+000  1.4361735e-001
  3.6157075e+000 -5.5856605e+000
 -8.1710921e-001  6.3626599e+000
  4.7402654e+000 -4.4762402e+000
  5.2729997e+000 -1.3441840e+000
  2.9110987e+000  5.9616871e+000
  3.4798107e+000  5.8826596e+000
  4.0590590e+000 -3.5522502e+000
  4.1367186e+000  4.8410368e+000
 -2.1854396e+000 -6.1985672e+000
  5.6586295e+000  1.3640561e+000
  4.7256957e+000  4.3642074e+000
  7.7120500e+000  6.8023066e-001
  5.9728337e+000  7.5861790e-001
  2.4601255e+000  4.8093790e+000
  9.1073614e-001  6.1048439e+000
  3.2573914e+000 -4.1272073e+000
 -3.0011996e+000  5.4883710e+000
  6.0803246e+000 -6.5894548e-001
  9.5375966e-001  6.7380116e+000
  4.6049950e+000  2.9831877e+000
 -1.5846234e+000  5.7232189e+000
  2.3006917e+000  4.4607432e+000
  1.8467741e+000  6.5844699e+000
  4.8025695e+000 -3.0821917e+000
  6.0461019e+000 -1.4470980e+000
  5.5503251e+000  4.1424049e+000
 -1.9897231e-001  6.7523595e+000
 -1.3113480e+000 -6.8267138e+000
  6.1876997e+000  4.7253625e-001
 -2.8198298e+000 -3.7356911e+000
  4.8241548e+000 -4.9567452e+000
 -1.0214587e+000 -5.5157957e+000
  6.6005536e+000  2.3674929e+000
  4.6271228e+000  5.4653382e+000
 -4.0632796e+000 -5.8117653e+000
  5.6356143e+000 -4.1399643e+000
  2.6004423e+000 -4.3773000e+000
 -3.5753368e+000  6.8912044e+000
 -8.3623500e-001  7.1253907e+000
  8.9527148e-001 -7.7084347e+000
  6.6441701e+000 -3.7838484e+000
  5.5499453e+000 -4.4421668e+000
 -2.5679442e+000 -5.7791871e+000
  6.6774141e+000 -2.0954085e-001
  3.0124891e+000 -4.6088613e+000
  5.3467288e+000  5.9573421e+000
  7.2860469e-002 -7.8375017e+000
 -8.6798079e-001  5.7840232e+000
  5.9848828e+000 -2.5686689e+000
  1.5711014e+000 -6.4966838e+000
  7.1413923e+000  3.2905883e+000
  2.0344464e+000  4.8379890e+000
  4.1742734e+000  6.7280222e+000
  5.9433828e+000  1.2020663e+000
 -2.6463340e+000  4.8573670e+000
 -1.5212876e+000  6.7937920e+000
  4.1664947e+000 -1.1853214e+000
  3.5707183e+000 -3.3649029e+000
  1.2493786e+000  7.0321550e+000
  5.6754478e+000  2.3636185e+000
  5.2730199e+000  2.6123749e+000
  8.8531133e-001 -6.5534333e+000
  4.2081913e+000 -3.6844181e+000
  7.2703334e+000 -2.2055317e+000
 -3.2568730e+000 -6.2844252e+000
  2.3968906e+000  4.2976081e+000
  2.7206833e+000  6.0922554e+000
  5.2508201e+000 -1.6361070e-002
 -2.3359060e+000  5.5255294e+000
  3.3669460e+000 -2.4554925e+000
  6.0584403e+000 -3.7553793e+000
  5.5263433e+000 -3.7886961e+000
  1.3841931e+000  6.5049510e+000
 -4.8186220e+000 -5.4263345e+000
  6.5004279e+000  2.7639493e+000
  9.8422248e-001  4.3623293e+000
  5.2373728e+000  4.7493818e+000
  6.9817553e-001 -7.1648035e+000
  3.6467591e-001 -7.2188223e+000
  5.8550345e+000 -6.2711792e+000
 -9.8769604e-001 -6.3660064e+000
  5.7364513e+000 -3.2326295e+000
  6.3163490e+000  1.7729541e+000
  2.3768440e+000  4.5421756e+000
  1.0341457e+000  6.0541930e+000
 -1.7240341e+000 -5.6565950e+000
  5.5000530e+000 -6.2146970e-001
  2.1228697e+000 -4.1125490e+000
  1.0072195e+000  7.0750796e+000
  4.5007097e+000  3.8885105e+000
  4.5060254e+000  3.2598904e+000
  4.2605038e+000 -3.0603086e+000
  9.7365574e-001 -4.8044635e+000
 -6.1830950e-001  5.1496277e+000
  6.0131638e+000 -3.6558321e-001
 -2.1377756e+000 -6.5436975e+000
  2.3558505e+000 -4.6068358e+000
  4.3124324e+000  4.9211047e+000
 -2.8434318e+000  6.0311394e+000
  1.3626592e+000 -5.5522865e+000
  6.1040825e+000  2.6472128e+000
 -1.7555533e+000 -7.1332743e+000
 -2.1408025e+000  4.5481501e+000
  1.1444983e+000  6.7277370e+000
  3.4858458e+000  1.5918475e+000
  4.5041536e+000 -4.6740918e+000
  4.9860421e+000  3.5581313e+000
 -1.4768932e+000 -6.8342714e+000
 -1.5274278e+000  4.9115137e+000
 -3.3859723e+000 -5.3565535e+000
 -1.4355417e+000  5.8399178e+000
  5.7950123e+000 -3.8904519e-001
 -6.9532884e-001  5.9244501e+000
 -1.3858691e+000 -4.8033183e+000
 -1.4168916e+000  7.2264324e+000
 -2.9738258e+000  4.8627091e+000
 -3.1566854e-001 -6.3205986e+000
  4.0408315e+000  3.2686632e+000
  3.2446637e+000 -4.5151621e+000
  2.9180283e+000  4.0082721e+000
 -2.8867504e+000 -6.3818290e+000
  5.3361238e+000  4.9576388e+000
  3.3324709e+000  5.2928822e+000
  2.9742154e+000  5.4839376e+000
 -8.7294209e-001 -5.0131124e+000
  5.7560412e+000 -1.5447756e+000
  5.4093951e+000  3.6590723e+000
 -2.3898200e+000 -9.2087719e+000
 -2.8455780e+000 -5.9962525e+000
  5.4091336e-001  6.9486003e+000
  6.2117277e+000  4.0634831e+000
  7.0068126e+000  2.1112130e+000
  2.3188070e+000  6.6861747e+000
  3.2209671e+000  5.5049661e+000
 -1.2061135e-001  6.3220593e+000
  1.3965778e+000  6.3003812e+000
 -1.7394294e+000 -6.3130119e+000
  3.0274505e+000  4.5818605e+000
  5.8970525e+000  4.1650601e+000
  7.7688802e+000 -1.5853488e+000
  5.9014545e+000  5.5771057e-001
 -3.1186989e-001  5.8097936e+000
  1.2009844e+000 -6.2878991e+000
  4.3573792e+000  2.1915736e+000
 -4.7355826e+000 -4.4899289e+000
  5.4430554e+000 -8.3911979e-001
  3.4769655e+000  5.1953305e+000
  3.8764284e+000  5.4775815e+000
  4.6733101e+000 -1.7978705e+000
  1.4142164e-001 -5.0420013e+000
  5.9381335e+000 -4.3009933e+000
  5.8741379e+000 -2.1338829e+000
 -1.7602744e+000  5.3904361e+000
  9.5057927e-001 -6.3426016e+000
 -3.0023593e+000 -4.8242691e+000
 -2.0652655e+000  3.5693730e+000
  4.0802852e+000 -2.2922873e+000
  5.7407754e+000  1.9099828e+000
  5.8868751e+000  1.4941957e+000
  5.3975095e+000 -2.1579585e+000
  7.0043927e+000 -3.6484555e+000
  5.1862641e+000  5.4349645e+000
  4.8714441e+000  2.2146835e+000
  6.4900104e+000 -2.2148412e+000
  5.9172998e+000  3.3149264e+000
  1.3258520e+000 -7.0174616e+000
 -3.4508077e+000  4.2885744e+000
  5.5376485e+000  3.5812289e+000
  3.2710483e+000  5.8379819e+000
  8.5183101e-001 -6.9126423e+000
  5.9713385e+000  8.7617859e-001
  4.3679673e+000 -1.9952265e+000
  5.0664377e-001 -6.3384288e+000
  5.1608705e+000  5.5747913e+000
 -8.3776873e-001  5.3792405e+000
 -4.3394794e+000 -6.7436805e+000
 -2.2858491e+000  6.5093231e+000
  3.0061810e+000  3.3605996e+000
  4.9677081e+000 -5.9635502e+000
  5.2977585e+000 -4.2456783e+000
  3.6745787e+000  2.7280591e+000
  3.5044999e+000 -5.9935039e+000
 -2.4977482e+000 -4.8970797e+000
 -2.4814332e-001  6.0915351e+000
 -2.2028252e+000  5.3233858e+000
  1.2397851e+000 -4.2801285e+000
  4.8584004e+000 -5.7512375e+000
 -2.8754011e+000  5.7504955e+000
 -2.9782912e+000 -4.1324031e+000
  5.3141901e+000 -1.9456412e+000
 -1.7635769e+000 -7.4090303e+000
  4.6152549e+000  5.1428903e+000
  3.4776904e+000 -4.7519837e+000
  6.4718381e+000 -1.8988994e+000
 -1.2807392e+000 -6.2742252e+000
  2.6893563e+000 -6.7030239e+000
  2.0196706e+000 -5.4513685e+000
  3.6080087e+000 -6.0746144e+000
 -6.0171655e-001 -5.6949224e+000
  5.2260915e+000 -7.6185465e-001
 -1.5891957e+000 -6.5509243e+000
 -2.3490809e+000  4.1386498e+000
 -1.2622868e+000 -5.6217161e+000
  6.4167669e+000  2.9471631e+000
  3.9818088e+000 -4.7167971e+000
 -4.2915288e+000 -6.4577875e+000
  6.1182854e+000  1.5716570e+000
  5.8308893e+000  2.7973647e+000
  7.0237752e+000 -1.5752670e+000
  5.9546358e+000 -2.6159280e+000
  1.9237430e+000 -5.2786860e+000
  4.3497498e+000  3.6832343e+000
  7.8874354e-001  5.9680779e+000
  2.5369154e+000 -6.0097076e+000
 -2.4411934e+000  5.7704551e+000
  2.1183082e+000  3.4367151e+000
  1.4421768e+000 -2.8839463e+000
 -2.4997457e+000 -5.4769074e+000
  1.6024640e+000 -5.8769463e+000
  6.4814295e+000 -2.1683347e+000
  3.2918036e-001  7.8117466e+000
  3.9343878e+000 -5.5407726e+000
 -2.4171818e+000 -6.4332120e+000
  6.4247952e+000 -1.3335737e+000
  3.5495540e+000  1.7139981e+000
 -1.1302774e+000 -7.3169546e+000
 -1.4600965e+000 -5.3926555e+000
  4.7266687e+000  2.2850899e+000
  4.8782588e-001  3.5372240e+000
  6.3119104e-001  7.0568962e+000
  2.2562019e+000 -4.5808810e+000
  4.3205588e+000  4.0999921e+000
  6.7207404e+000  9.7238607e-001
  5.1981476e+000 -4.3015981e+000
  4.5290216e+000 -5.5209043e+000
  3.1914876e+000  1.5071447e+000
  7.5968583e-001 -9.6041038e+000
  2.8512725e+000  5.8573973e+000
  5.3719647e+000 -4.7410778e+000
 -3.3799009e+000  5.0963011e+000
  4.6587405e+000 -4.6791826e+000
  6.7280328e+000 -1.9152149e+000
  2.4537212e+000 -7.4225183e+000
  4.1644869e+000  2.5263149e+000
 -1.9866882e+000  7.5193775e+000
  5.1408187e+000 -2.8373657e+000
 -1.1145423e+000 -4.0532545e+000
  6.5436508e-001 -6.7882675e+000
 -2.2911370e+000 -4.2771629e+000
 -2.8279822e+000  5.5580765e+000
 -5.5849893e-001 -5.4920777e+000
  6.6194414e+000 -2.3013346e+000
  6.0073873e+000 -1.8609167e+000
  5.0656657e+000 -7.6610274e-001
  4.9664035e+000 -3.1875953e+000
  4.0731026e-001 -5.5502035e+000
  2.9944075e+000  3.3803238e+000
  2.3819946e+000 -4.3683451e+000
  9.2727853e-001 -5.4143957e+000
  3.9032614e+000 -5.0632242e+000
  6.8294879e+000  2.4640315e+000
  5.0152943e+000 -2.7566016e+000
 -4.5474483e-001 -5.1209107e+000
 -1.8995023e+000 -6.2623517e+000
  5.0625322e+000 -3.5207941e+000
 -1.5067857e+000 -5.7667785e+000
  5.8788637e+000  7.1889475e-001
  4.9574285e+000  1.2152446e+000
  6.3356853e+000 -3.1831695e+000
  5.3854147e+000  2.9101481e+000
  6.5319967e+000 -8.0324437e-001
  4.9563681e+000 -4.6260101e-003
  2.2480019e+000 -4.8121473e+000
  4.3585498e+000 -3.0413279e+000
 -3.2759481e+000  6.0070193e+000
 -2.1553755e+000 -6.5501601e+000
  6.5809468e+000 -9.3644516e-001
  4.9718303e+000  4.6636132e+000
 -1.2936527e+000 -6.0340062e+000
  4.3095002e+000 -5.6145229e+000
 -2.7938264e+000 -4.2099477e+000
 -2.2902521e-001  6.5251317e+000
  5.2384398e+000  4.9787005e-001
  7.0740896e+000  2.5799492e+000
 -3.5351203e+000 -5.3208426e+000
  6.5323740e+000 -3.2720820e+000
  5.5361424e+000 -4.3350080e-002
  1.3301015e+000  8.0923003e+000
  2.2214156e+000 -4.0809983e+000
  6.6440332e+000  1.2684005e+000
  4.6465806e+000  4.5416877e+000
  1.2571545e+000  5.9951565e+000
  2.5172000e+000  4.9151526e+000
  9.0430133e-001 -6.2170243e+000
  7.7754410e+000  1.7844769e+000
  2.7730483e-001 -6.7693992e+000
 -2.2598596e+000 -6.4475651e+000
  5.0251696e+000  2.7061083e+000
 -3.3687757e-001 -7.5247788e+000
  2.9697446e+000 -5.3677512e+000
  5.7426484e+000  1.5913747e+000
 -3.7977011e+000  3.8132836e+000
  1.3230647e+000  7.4678001e+000
  9.7979415e-002 -6.2840849e+000
 -6.2610657e-001 -6.0737968e+000
  8.3468462e-001 -5.5503782e+000
 -6.0264020e-001  6.9923870e+000
  2.1937378e+000 -7.5963705e+000
  2.9897646e+000 -4.6135656e+000
  5.0258172e+000 -1.2595683e+000
  1.2727652e+000  6.1450226e+000
  4.9828828e+000 -3.7759206e+000
  7.2861726e+000  4.1145286e+000
  1.7957127e+000 -6.4316811e+000
  5.3035682e+000 -3.0888060e+000
  1.7771943e+000  6.2320131e+000
  4.3600139e-001 -5.0885070e+000
  1.7085518e+000 -4.7921113e+000
  8.3294800e+000  3.3861441e-001
  9.3915335e-001 -7.3923258e+000
  3.6852112e+000 -4.5101091e+000
  2.1575707e+000  3.5972859e+000
  6.9090773e+000 -6.4057824e-001
  4.4456168e+000 -2.1589461e+000
  5.3437421e+000  1.1350733e+000
 -1.8559029e+000 -6.5591808e+000
 -2.4523827e+000  5.9136859e+000
 -3.1492929e+000 -4.4287227e+000
  6.5684279e+000  1.5674854e+000
  5.3308661e+000 -1.5033222e+000
  1.8940009e+000  5.9359020e+000
 -1.3197065e-001 -5.7250331e+000
 -3.2562985e-001  6.5739625e+000
  2.5229962e-001  8.1692323e+000
 -2.1342171e+000 -5.4899863e+000
  4.3084268e+000  3.8286549e+000
  5.4462515e+000 -2.9658333e+000
  6.2667575e+000 -3.7279805e-001
  5.6428816e+000  4.5856933e+000
  2.9175464e+000 -3.2591469e+000
 -3.2004800e+000 -6.5732248e+000
 -2.1137781e+000 -7.2317826e+000
 -2.0366459e+000  5.2776137e+000
  6.8015989e+000  4.6766095e-001
