  7.4744316e+000  7.2175175e+000
 -1.8353731e+000  1.0227134e+001
  5.5699705e+000 -4.3861411e+000
  1.1012647e+000  9.2619905e+000
 -2.8222867e+000  9.7639894e+000
  8.1800836e+000 -5.9034902e+000
  4.7874981e+000 -6.6149606e+000
  2.1785940e+000 -1.1281527e+001
  9.2043952e+000  1.8753181e+000
  2.3409252e-001  1.0786578e+001
  6.7394889e+000  8.7724370e+000
 -3.2770798e+000  8.4938614e+000
  2.5667599e+000  1.0005611e+001
  9.8159198e+000 -3.5250966e-001
  2.7720445e+000 -1.1378887e+001
  2.2122352e+000  1.0839666e+001
  1.2758970e+000 -8.8892571e+000
 -9.0524251e-001 -1.0729493e+001
  7.6231728e+000 -6.0580396e+000
 -1.4782290e+000  1.0431679e+001
  7.9540498e+000  2.5107793e+000
 -5.1490012e+000  9.9658861e+000
  7.8696430e+000 -4.9831337e+000
  9.2767867e+000  4.1655582e-002
 -4.5223501e+000  8.2583553e+000
  7.8335216e+000 -8.6600479e+000
  6.9116891e+000 -3.2531996e+000
  5.9371974e+000  7.6928210e+000
 -2.9728346e+000  1.0061186e+001
  5.5176502e+000  1.0596718e+001
  8.0651774e+000 -5.5317990e+000
  4.6292846e+000  8.3676418e+000
  1.6146506e+000  9.2303042e+000
  2.8088372e+000  8.3216802e+000
  1.0154946e+001 -4.5754453e+000
 -2.2348231e+000  9.0395734e+000
  8.3515200e+000 -7.2669611e+000
  6.0871684e+000  7.4148728e+000
  8.1739010e+000  9.5126691e-001
 -3.8724069e+000 -9.2286691e+000
 -3.5678626e+000 -8.5290864e+000
  9.6828992e+000 -7.2232699e+000
 -4.3148309e-001  1.0533659e+001
  3.6170083e+000  1.1101097e+001
  6.0343788e+000 -6.4403424e+000
 -2.7381007e+000 -9.5089303e+000
 -2.5364192e+000  8.1738464e+000
  5.8315171e+000  9.8426347e+000
  7.0361331e+000 -6.1962272e+000
  8.7472777e+000 -5.5421575e+000
  1.6702041e+000 -1.0618913e+001
  2.1810187e+000 -1.1172790e+001
  4.1027569e+000  6.5324060e+000
  2.2556580e+000 -9.9488570e+000
  3.0089838e+000 -1.0038848e+001
  2.2534548e+000 -9.2327362e+000
  8.7667539e+000  4.8879272e+000
 -4.5038801e+000  8.7441603e+000
  3.9604302e+000  9.8607406e+000
  3.0433773e+000 -9.4584374e+000
 -2.5335567e+000  7.8892034e+000
  2.1877518e+000 -1.0044325e+001
  9.5739468e+000  5.6018114e-001
 -3.1787495e+000  1.1036541e+001
  9.9671057e+000  4.5662582e+000
 -4.9656897e+000  7.9717237e+000
 -3.3276791e+000 -9.0392908e+000
  3.0514777e+000 -9.0170075e+000
  2.8835335e+000 -9.9096554e+000
 -3.8437639e+000  9.5795973e+000
 -3.1024177e+000 -1.0924104e+001
 -5.6807377e+000  7.9428139e+000
  8.7232341e+000  2.9678197e+000
  5.3679901e+000  7.2309300e+000
 -6.0033854e+000 -9.7802758e+000
  9.7358409e+000  4.2625952e+000
  8.2038046e+000 -2.4567374e+000
  7.3219814e+000 -7.6057657e-001
  1.2350902e+001  2.2670826e+000
  8.8774385e+000  5.4974713e+000
 -1.6200434e+000 -9.5654059e+000
 -3.5496817e+000  1.0188918e+001
 -4.6179829e+000  1.0541505e+001
 -1.6700941e+000 -7.9669604e+000
 -3.9735284e+000 -9.9437149e+000
  6.4458776e+000  6.9205135e+000
  6.7385816e+000  9.2069984e+000
 -2.6793095e+000  9.4422088e+000
  1.7680988e+000 -1.1335919e+001
  6.3673369e-001  1.0068363e+001
 -3.8648052e+000 -9.0704587e+000
  6.0030514e+000  7.3789162e+000
  4.4033605e+000 -9.6893148e+000
  7.3115958e+000  1.5353003e+000
 -2.8523708e+000  1.0816580e+001
 -1.1254156e-001  8.3250101e+000
  5.3528522e+000 -7.9803373e+000
  5.8229927e+000  7.7359628e+000
 -5.1419113e+000 -9.6867940e+000
 -1.4534461e+000 -9.6519652e+000
  7.6323414e-001  9.4359807e+000
  1.0092550e+001  1.4096492e+000
  1.0207625e+001 -4.0224431e+000
  6.4123644e+000 -7.2887553e+000
  6.6936423e-001 -9.1419558e+000
 -1.7216056e+000  9.7589743e+000
  1.4981561e+000 -9.5560176e+000
  7.8419449e+000  5.7767542e+000
  1.6294634e+000  1.0402642e+001
  8.1418472e+000  4.1796671e+000
 -7.9539903e-001  1.0393815e+001
  4.5856935e+000  9.8827623e+000
  9.1279883e+000  6.3727214e+000
  7.7538348e+000  8.2623345e+000
 -4.6001945e+000  9.2198716e+000
 -4.1058109e-001 -9.4788146e+000
  6.4090217e+000  9.8400149e+000
  2.8659191e+000  8.0811104e+000
  6.0513044e+000 -7.7791374e+000
  9.9259263e+000 -5.1658991e+000
 -9.2059291e-001 -1.0632280e+001
  6.6352444e+000 -4.9884631e+000
 -4.1472674e+000 -8.9069403e+000
  3.7622745e+000  9.1821889e+000
  6.0944882e+000 -6.0124140e+000
  2.6473072e+000  8.7652063e+000
  8.4299870e+000  8.2003885e+000
  9.8618990e+000 -4.5105296e+000
  8.7370400e+000  1.3168881e+000
 -4.7148097e-001 -1.0247494e+001
 -6.8118453e+000 -8.1903499e+000
  2.0782336e+000 -8.5425293e+000
  7.2839628e+000  4.5203782e+000
 -2.2717828e-001 -8.0976048e+000
  2.3765011e+000 -7.6925641e+000
  2.1047523e+000  1.0865410e+001
  1.0428016e+001 -7.8373095e-001
  7.5354774e+000  6.9773708e+000
  1.1502074e+001  1.5179400e+000
  6.8378833e+000 -7.3867210e+000
  3.8488856e-001 -1.1189654e+001
  1.0275364e+001 -1.4810984e+000
  2.2917438e+000  9.3423291e+000
  6.5248481e+000  7.6515744e+000
  3.4963741e+000  7.8325685e+000
  2.4540311e+000  9.1989887e+000
  3.1318974e+000  7.7481403e+000
  1.1284300e+001  6.9389967e-001
  4.3650410e-001 -8.5688802e+000
  8.6740355e+000  4.2140497e+000
 -3.0015660e+000  8.8938163e+000
  3.4493176e+000 -9.2116429e+000
  8.9522495e+000 -5.0665902e+000
 -1.5437487e+000  1.0325110e+001
  4.7963065e+000 -6.1359672e+000
  8.5555867e-001  9.8100960e+000
  1.8867343e+000  9.3075928e+000
  5.7585700e+000  6.3971374e+000
  9.6666743e+000 -2.4422814e-001
 -3.4107046e+000 -9.4428502e+000
  1.0459821e+001 -9.2481434e-001
  1.7813614e+000  9.8251118e+000
 -1.4898164e-001 -1.1786376e+001
  3.6906842e+000  1.1101225e+001
 -3.5897795e+000  1.0587157e+001
 -8.2057213e-001 -9.8775812e+000
 -5.3484392e+000 -8.1505476e+000
  6.7385869e+000  6.9900196e+000
  6.0232654e+000 -7.2743700e+000
 -4.4622213e+000  6.7543235e+000
 -2.0016666e+000  9.3660558e+000
 -1.7677522e-001 -1.1841157e+001
 -3.8308881e+000 -9.8501075e+000
  1.0640694e+001  3.9152570e+000
  5.4873183e+000 -8.5046071e+000
  1.9422213e+000  1.1245835e+001
  1.6802433e+000  1.1098353e+001
  2.0655407e+000 -9.9239344e+000
  4.7619726e+000  8.7436786e+000
  6.6471075e-001 -1.2027851e+001
  6.5085748e+000  7.5647750e+000
  7.1309656e+000 -6.5859626e+000
  6.4216096e-001 -1.0366525e+001
  6.2826229e+000 -7.0664467e+000
  3.4556334e+000 -9.7119259e+000
  3.1863651e+000 -8.9712855e+000
  9.9204392e+000  1.4339322e-001
  7.5617774e+000  8.9749328e-001
  4.2241032e+000 -8.0888177e+000
 -2.9536214e-001 -1.0831344e+001
 -3.2330375e+000 -1.0437440e+001
  8.9847867e+000  5.5120817e+000
  7.7019490e+000 -7.1652980e+000
  6.7011325e+000 -7.0516763e+000
  9.8732508e+000  2.8844223e+000
  1.0009250e+001  3.1563145e+000
  5.1701644e+000 -7.4991960e+000
  1.7602203e+000 -1.0865248e+001
  3.0783838e+000 -9.0458772e+000
  9.5203491e+000  2.3631952e+000
  3.5937184e+000 -8.6006296e+000
  3.2864774e+000  1.1058849e+001
  6.7778025e+000 -7.5121483e+000
  2.5593180e-001  1.0631211e+001
  9.1715469e+000 -6.3021011e+000
  2.4780909e+000  1.0184972e+001
  6.5775684e+000 -7.5848092e+000
  1.7251978e+000 -9.4144776e+000
  4.5668324e+000  9.7969091e+000
  2.8368696e+000  1.0151221e+001
 -2.4070079e-001  1.1095384e+001
 -3.4794230e+000  8.3441109e+000
  5.7769938e-001 -9.0552564e+000
  8.6313321e+000 -4.6707680e+000
  1.1394224e+001 -5.0369090e-001
  7.6882460e+000  7.0720339e+000
  4.3199946e-001 -9.7910022e+000
  1.0421090e+001 -5.8328196e+000
  4.0418427e+000  9.3272279e+000
 -1.6698422e-001  1.0106258e+001
  9.5723364e+000 -3.5721338e+000
  9.6906693e+000 -4.4316853e+000
 -7.6742374e-001 -9.1179149e+000
  6.8317787e+000 -7.0720621e+000
 -5.8429826e+000 -8.2842509e+000
  9.2624344e+000 -5.2517983e+000
  4.3259021e+000  9.0108776e+000
  8.7825735e+000 -5.7482444e+000
  9.1373785e+000 -2.6545414e+000
  3.4515133e+000 -8.9724288e+000
  8.9240678e-001  8.0780652e+000
  9.5977629e+000 -3.4055739e+000
 -4.2593335e+000  7.2762649e+000
  3.5703281e+000  9.2702183e+000
 -4.0597636e+000  9.1860907e+000
  7.2123719e+000 -4.5597132e+000
 -3.6150170e+000 -8.8078483e+000
  6.7414179e+000 -7.7463094e+000
  9.0749249e-001 -9.8846518e+000
  4.5598334e+000 -9.6384258e+000
 -1.5220293e+000  9.6703480e+000
 -2.9898953e-001  8.4643204e+000
 -4.2191730e+000 -9.4817024e+000
  5.1204689e+000 -9.7303942e+000
  9.9984513e+000 -2.5669419e+000
  4.9011257e+000 -8.9650473e+000
  5.3409274e+000 -6.8116272e+000
 -1.9831530e+000 -9.5772230e+000
  6.9373004e+000  7.5458123e+000
  1.0307674e+001 -3.0186244e+000
  8.9981659e+000  2.0230937e+000
  4.4207805e+000 -8.5861533e+000
 -4.7287139e+000  7.9074121e+000
  1.0410071e+001  1.0795655e+000
 -3.2843625e+000  9.6381882e+000
  9.8132662e+000  3.6468514e+000
  9.8811307e+000  1.0508234e+000
  8.5107065e+000 -6.2638283e+000
  1.1147110e+001 -7.8800425e-001
  8.0476597e-001 -8.7968303e+000
  9.3308404e+000  2.7113592e+000
  9.2281669e+000 -1.2147128e+000
  5.9927415e+000 -7.8947151e+000
 -2.0107519e+000 -1.0758533e+001
  2.8289590e+000 -9.2900911e+000
  7.9027737e+000  4.1766251e+000
  8.7691666e+000  4.2465294e+000
  6.8301006e+000  6.5851382e+000
  7.9219382e+000  4.6801733e+000
  7.9439674e+000 -5.4498585e+000
 -2.4194400e+000  8.8196762e+000
  7.3283015e-001  9.9367119e+000
  9.8319058e+000  5.0104504e+000
  1.0908182e+000 -9.9779217e+000
  6.7615746e+000 -7.4572010e-001
  7.9365100e+000 -5.7172747e+000
  5.9679161e-001  9.0796245e+000
  7.3315380e+000  8.0083489e+000
  5.4520539e+000 -8.5250009e+000
  1.5430536e+000 -1.0130913e+001
  3.8886093e+000  9.0331373e+000
  1.7390287e+000  1.0683115e+001
  5.2171636e+000  7.2894629e+000
  6.6637526e+000  7.1067941e+000
  7.7677154e+000 -5.9943318e+000
  9.7723430e+000  1.8550839e+000
  3.0501329e+000 -9.8512383e+000
  9.1603306e+000 -4.0473295e+000
  7.3724578e+000 -7.6288704e+000
  8.7679567e+000 -4.2017171e+000
  7.9689233e+000 -4.9440589e+000
  5.5147796e+000  8.4948191e+000
 -4.9960427e+000 -1.0154430e+001
  4.5741977e+000 -9.8127985e+000
  3.0186239e+000 -8.6001401e+000
  7.3270876e+000  4.2996637e+000
  7.2582650e+000  5.5999768e+000
  7.4057620e+000  3.0682656e+000
  7.4831571e+000 -7.1302161e+000
  7.7694002e+000  6.0813640e+000
  3.5609263e+000 -7.7613036e+000
 -5.9338021e-001 -9.0390438e+000
 -2.2692901e+000  1.0124851e+001
  3.6672728e+000 -7.9109101e+000
  1.7068491e+000 -1.0334582e+001
 -5.8154968e+000  9.2922625e+000
 -3.3201284e-001  1.1310463e+001
  2.9806728e+000 -1.0132477e+001
  1.0170895e+001 -2.0251162e+000
  1.9890194e+000  8.8873053e+000
 -5.5475183e+000  7.6998152e+000
  6.2648663e+000  6.6429459e+000
  8.2445829e+000  6.3223458e+000
  5.8648086e+000  9.6709859e+000
  8.2482486e+000 -5.6807895e+000
  4.6493874e+000  7.7413231e+000
 -6.0235705e+000  9.2938230e+000
 -5.2063640e+000  1.0745888e+001
  9.4207149e-002  9.7184010e+000
 -2.0623547e+000 -1.1949190e+001
 -1.7570229e+000 -8.1779262e+000
  9.7203927e+000  5.4196982e-001
 -4.9063849e+000 -8.7043582e+000
  1.3541163e+000  7.8970110e+000
  9.6310520e+000 -1.6612785e+000
  1.1426112e+001  4.6464046e-001
 -3.5286655e+000  8.4554401e+000
  7.1710778e+000  4.0842587e+000
  6.2495286e+000  6.7652299e+000
  4.3119966e-001  1.0550209e+001
  3.6183942e+000  9.5735689e+000
  9.4650438e+000 -5.2195828e-002
  4.7319045e+000 -6.7989784e+000
  1.0069738e+001 -3.7313367e+000
  5.9871069e+000  8.4361517e+000
  3.6380814e+000 -7.3398210e+000
 -2.2532825e+000  1.0803468e+001
  4.9785089e+000  9.1399434e+000
 -2.2774171e+000 -9.3976273e+000
  5.9406007e+000  5.6343945e+000
 -3.0179433e+000  1.0218132e+001
  8.5021474e-001 -9.3466388e+000
 -5.5567178e+000  9.0290734e+000
  2.8345058e+000 -9.6410948e+000
 -9.3926283e-001  1.0466147e+001
  9.4826040e+000 -4.5002362e+000
 -2.2962756e-001  1.0750973e+001
  6.6658817e+000 -5.0263047e+000
  8.6789111e+000 -6.6371834e-001
 -4.9113201e+000  8.7085706e+000
  3.8295086e+000  1.0083296e+001
  7.5352715e+000 -6.7955461e+000
  5.0748378e+000 -7.1607118e+000
  1.8542425e+000  8.6256140e+000
  8.4115863e+000 -5.6792448e+000
  6.4840372e+000 -8.7165537e+000
  4.8298234e+000 -8.8665295e+000
  4.2964933e+000  9.2544235e+000
  7.9215732e+000  8.3411142e+000
 -4.3750505e+000 -7.5344137e+000
 -5.5848114e+000  8.8903848e+000
  9.0653544e+000  7.2557906e-001
 -7.7433103e-001 -1.1423586e+001
 -2.9199763e+000  1.0604161e+001
  5.7519831e+000  7.4727148e+000
  7.9373550e+000 -5.6018781e+000
  5.1529045e+000  1.0400758e+001
 -2.6176754e+000  8.5214964e+000
  7.6218934e+000  5.6130143e+000
  4.5404159e+000  7.9932992e+000
  9.7221642e+000  3.1493663e+000
  8.5727847e+000 -1.7165107e+000
  2.8383516e+000  1.0266923e+001
  3.1862962e+000  9.6976765e+000
 -4.0861742e+000  7.2813264e+000
  2.3880100e+000 -8.2984978e+000
 -7.1576930e-001 -9.9207554e+000
 -1.3693775e-001  1.0616296e+001
  4.1305690e+000 -1.0901710e+001
  8.0497699e+000 -2.9044752e+000
  8.9597575e+000 -4.1852095e+000
  1.0505811e+001 -4.6228642e+000
  1.0239018e+001 -4.8893729e-001
  2.9306332e+000 -9.0526400e+000
  2.3541640e+000  8.1224719e+000
 -2.3425073e+000 -9.4751558e+000
  4.4838398e+000  8.1865959e+000
  2.9872938e+000 -1.0670439e+001
  8.2295922e+000 -3.6854849e+000
  4.7638542e-002  9.3068579e+000
  9.4668848e+000  5.5624378e+000
 -4.9573907e+000  9.0825557e+000
 -1.7074324e+000 -1.0040660e+001
  2.9986181e+000  8.4634364e+000
  1.0744976e+001  3.9491436e+000
  2.4605777e+000 -1.3228072e+001
  9.2977011e+000 -3.6289209e+000
  9.4640080e+000 -2.9359667e+000
 -8.6005868e-002  1.1340711e+001
  1.0504105e+001  6.6532174e-001
  6.2191818e+000 -8.0603808e+000
  9.5737586e-001  7.4755366e+000
  3.8098247e+000  1.0493886e+001
 -2.4687533e+000  9.0008622e+000
  2.2495682e+000 -1.0098319e+001
  9.2415583e+000  5.5801991e+000
  1.0798290e+001 -2.4038905e+000
  7.9841559e+000  4.8604918e+000
  8.3741593e+000  9.0647806e+000
 -3.8171829e+000 -8.6804968e+000
  8.1441292e+000 -6.4405306e+000
  8.0257122e+000  6.6083084e+000
  5.5437116e+000 -6.3186633e+000
  1.0500841e+001  4.1855260e+000
  6.9863745e+000 -5.9581825e+000
  2.0979643e+000 -1.0532930e+001
  9.8472598e+000 -2.8639008e+000
 -1.9488147e+000  9.4645981e+000
  1.1765597e+000  8.0891004e+000
  1.0299240e+000  9.5931603e+000
 -1.3279114e+000 -8.8859967e+000
  7.2329901e+000 -6.8900670e+000
  1.0386867e+001  9.8423960e-001
  8.2151958e+000 -5.0941357e+000
 -2.9602166e+000 -1.0092544e+001
  1.7294315e+000 -9.5455401e+000
  1.1228021e+001 -1.3043551e+000
  1.0110422e+000  9.4479523e+000
 -3.4893108e+000  1.0359465e+001
  1.0257699e+001 -5.3412931e+000
 -2.9217125e+000 -9.7293417e+000
  3.8443526e+000 -8.5776916e+000
  3.3230618e+000  1.0388608e+001
 -4.3889068e+000 -9.9977188e+000
 -6.4090640e+000  8.5730303e+000
  8.1053465e+000 -5.1049794e+000
 -4.0131001e-001 -1.1167920e+001
  7.8830532e+000  4.4251014e+000
 -2.4023079e-001 -1.1642255e+001
  8.7597098e+000 -1.5060283e+000
 -2.7949961e+000  1.0933342e+001
 -3.3361823e+000 -1.0430820e+001
 -2.7444582e+000  1.0724347e+001
 -4.2043475e+000 -1.1299666e+001
  9.5399720e+000  3.4214946e+000
  8.9068988e+000 -3.2146715e+000
  1.0307481e+001  3.8320348e-002
  1.0118124e+001 -3.6914366e+000
  4.7687393e-001  9.2877610e+000
  8.0791165e+000 -2.9374059e+000
 -3.7147617e+000  9.6455054e+000
  5.8846182e+000 -1.0420501e+001
  5.8431513e+000  8.5377762e+000
  8.1891912e+000 -8.5600915e+000
 -2.5013671e+000 -8.9878839e+000
  1.0381379e+001 -3.3924126e+000
  1.0728162e+001 -3.8910955e+000
  1.0627135e+001  1.5441697e-001
  8.3822868e+000  4.7172663e+000
 -1.4318055e+000  9.8035082e+000
  1.8716452e+000  1.0299901e+001
  7.7866124e+000  7.3903107e+000
  7.8482659e+000 -5.7943383e+000
  4.6715686e+000 -8.3488950e+000
 -6.8631288e-001  1.0111249e+001
 -2.5828274e-001 -1.0459750e+001
  8.4275382e+000  6.7067314e+000
  7.6704320e+000  6.1414722e+000
  2.5958222e+000 -9.8536844e+000
  5.8585618e+000 -6.4512084e+000
  1.0553001e+001 -4.1918629e+000
  3.9727951e+000 -1.0663978e+001
  8.7232547e+000 -1.9206246e+000
  6.9327227e+000  5.9025325e+000
  9.9397266e+000  3.5507442e+000
  8.7665712e+000 -3.1258480e+000
  7.3261854e+000 -7.2331601e+000
  7.1735255e+000 -7.4154828e+000
  4.4556011e+000 -8.4897440e+000
  5.0560634e+000 -6.0636130e+000
  1.2102771e+001  3.7088356e+000
  7.2821798e+000 -1.8240453e+000
 -3.6049328e+000 -1.0784571e+001
 -2.2661047e+000  1.0023623e+001
  2.0435126e+000  8.5938347e+000
  8.5611822e+000 -2.6437380e+000
 -2.0859030e+000 -1.1099053e+001
  5.3502682e+000  8.4331095e+000
  1.0469641e+001  8.0459552e+000
  4.3892336e+000 -9.4297030e+000
  2.4058685e+000 -9.6137152e+000
  1.0952557e+001 -1.1986093e+000
  6.0167556e+000  2.9742498e+000
  8.4618388e+000  5.2794758e+000
  9.4625645e+000 -3.2408388e+000
  8.3923711e+000  4.6825472e+000
  8.9240726e+000 -1.2402815e+000
 -1.1187788e+000  9.8022172e+000
  1.1402164e+001  1.2642993e+000
  9.8555733e-001  9.8777815e+000
  8.6901013e+000  4.2201557e+000
  9.3865585e+000 -3.0464778e+000
  6.9662707e+000  5.9919700e+000
 -1.4053839e+000 -9.7262122e+000
  9.2238534e+000 -6.7566346e+000
  4.1124029e+000 -1.0607143e+001
  3.2286027e+000 -7.8596626e+000
 -2.1004905e+000  1.0629574e+001
 -3.2090465e+000 -9.1469105e+000
 -2.4984974e+000  9.7534564e+000
 -3.9061296e+000 -8.5807514e+000
 -2.5110646e+000  8.6880757e+000
  6.3559379e+000 -9.1020510e+000
  1.8219531e+000 -1.0826012e+001
  7.9317848e+000  6.7895085e+000
 -2.9214149e+000  7.8582184e+000
  6.3193196e-001 -8.3510972e+000
 -4.1015741e+000 -1.1216369e+001
  9.9880944e+000  6.5512599e+000
  2.2755360e+000  8.6262868e+000
  3.9143608e+000 -7.3166665e+000
  9.9472600e+000 -2.1481152e+000
  1.0224145e+001 -9.8615681e-001
  4.9422922e-001 -7.9678503e+000
  7.2147776e+000  6.0486597e+000
  7.2906669e-001 -9.7625386e+000
  8.7039933e+000 -1.9738354e+000
 -5.4736306e-001  1.0682615e+001
 -1.6235441e+000  1.0375243e+001
  6.9613819e+000 -6.4197324e+000
  7.8864280e+000  6.5655285e+000
  8.0727715e+000  4.6909339e+000
 -6.1299471e-001 -1.0868302e+001
  2.8693539e+000 -8.0408568e+000
  1.0305214e+001  4.3683368e+000
  2.8302845e+000 -8.1439551e+000
 -2.8524494e+000  9.6052887e+000
  1.5269530e+000 -1.1252277e+001
  3.3408042e-001  1.0332740e+001
  5.4479365e+000 -9.1888493e+000
  8.0355537e+000  5.5360322e+000
  1.0160355e+001 -5.2809244e+000
  3.1122402e+000 -7.9408122e+000
  9.9596006e+000 -4.1670723e+000
 -4.5675723e-002 -9.4671267e+000
  1.0027734e+001 -5.1550577e+000
 -4.0936568e+000  8.2823034e+000
 -1.0806104e-002  1.0180184e+001
  4.9430764e+000 -8.1597563e+000
  5.1784028e+000  8.9731564e+000
 -4.8158288e+000  8.4243857e+000
  9.6749270e-001  9.6317960e+000
  8.4774837e+000 -3.9223049e+000
  8.6149763e-001  8.5406249e+000
  8.1978964e+000 -4.6705292e+000
 -1.6750467e+000  9.8473455e+000
 -2.7540075e+000  7.6531655e+000
  9.2144459e+000  1.5942685e+000
  2.2064031e+000 -9.1483554e+000
 -3.1656100e+000  8.9180018e+000
  2.0305188e+000 -9.4687111e+000
 -2.4309641e+000 -1.0108991e+001
  8.3008166e+000 -4.5708867e+000
 -5.5707788e-001 -1.0387727e+001
  1.0569702e+001 -6.7041797e-001
  4.0160453e+000 -1.0147608e+001
  9.8969645e+000  3.3885241e+000
  9.8884990e+000  4.7355258e+000
  9.6439646e+000 -4.4012561e+000
  9.8531185e+000  5.0916885e+000
  3.9138624e+000  7.8810296e+000
  1.9491781e+000  1.0665684e+001
  8.3438372e+000  3.7232325e+000
  5.5245031e+000 -8.4041685e+000
  1.0117412e+001  2.2311104e+000
  7.4305244e+000  6.8834449e+000
  8.8704386e+000 -4.7932232e+000
  9.4800737e+000  4.0356366e+000
 -3.7851071e+000 -9.3067015e+000
  7.5686673e+000 -6.5771977e+000
  4.4734222e+000  8.7579011e+000
  3.9146991e+000 -9.2685450e+000
 -3.2918028e-001 -1.0456509e+001
  2.2549340e+000  1.0938535e+001
 -2.6822922e+000 -1.0221036e+001
  3.2795254e+000 -1.0200563e+001
 -5.7462373e+000  9.2267920e+000
  1.5963503e+000  9.7303001e+000
  6.1293800e+000 -8.5356775e+000
  1.3942868e+000 -8.8041240e+000
  7.9278262e+000  3.8907504e+000
 -4.3071995e-001 -1.0769778e+001
  1.0056812e+001 -1.2293372e+000
  6.3089969e+000 -6.6714895e+000
  2.5889338e+000 -1.0931041e+001
  1.5565574e+000 -8.5379374e+000
  1.0852855e+001 -1.9816625e+000
  8.7916549e+000 -1.4051793e+000
  1.0675462e+001 -1.7073014e+000
 -1.1346767e+000  9.4756412e+000
 -2.1607593e-002  9.9743279e+000
  5.9924638e+000 -8.2718417e+000
  1.4460594e+000 -9.2418852e+000
  1.0699270e+001  2.5113285e-002
  1.1654938e+001  1.2983065e+000
  8.2679795e+000 -2.5793378e+000
  5.6709287e+000  5.5514384e+000
  4.8157903e+000  7.9001663e+000
  2.4765999e+000 -8.5672882e+000
  2.3013911e+000 -1.0162714e+001
  4.9930286e+000  9.3232132e+000
  6.9108249e+000  4.5402510e+000
  4.3298466e+000  8.7151112e+000
  9.4965475e+000 -1.5788159e-001
  5.0409986e+000  7.2540157e+000
  7.4223786e+000 -5.1056425e+000
 -1.8466491e+000  8.9234716e+000
  9.6899245e+000 -3.2876708e+000
  1.0673695e+001  6.9018475e-001
  7.3232410e+000 -4.9574215e+000
  1.7037417e-004  8.6048405e+000
 -3.8314088e+000  1.0170613e+001
  8.4008555e+000 -2.0367584e+000
  6.8316365e+000 -7.2222494e+000
  9.6551195e+000 -2.2932730e+000
 -1.1330728e+000 -9.3875084e+000
  1.6909372e+000  7.1640219e+000
  9.4920571e+000 -4.8591188e+000
 -5.9845938e-001 -1.1581240e+001
  8.9629167e-001 -9.1668871e+000
  8.1430192e+000  3.1962133e+000
  4.0872697e+000  8.5993051e+000
  8.6886679e+000  4.8615201e+000
  1.0707658e+001  4.8477269e-001
  1.2719907e-002  8.5315903e+000
 -5.7923313e-001 -8.6505291e+000
  3.6275416e+000 -1.0909576e+001
  8.6280613e+000 -3.3431730e+000
  1.0553902e+001  1.7077374e+000
  1.0323058e+001  1.4619803e+000
  1.2696636e+000  1.0642901e+001
  5.7748255e+000 -6.9745253e+000
  8.0288442e+000 -7.0300573e+000
  2.2907945e+000 -1.1433575e+001
  6.3697706e+000 -8.2252114e+000
  9.9166069e+000  1.2746514e+000
  9.0960065e+000  3.3345710e-001
  2.8066446e+000 -9.8101583e+000
  2.8261879e+000 -9.6929296e+000
 -3.2810445e+000  9.1610673e+000
  1.0566928e+001  7.0675771e-001
 -1.5357212e+000 -1.0593763e+001
  1.2601512e+001  2.0892883e+000
 -3.3114809e+000  9.2664553e+000
  4.6164025e+000  8.4032825e+000
 -2.2051324e+000 -1.0896509e+001
 -3.5535800e+000 -1.0095136e+001
 -3.5335438e+000 -9.2430766e+000
  9.4637744e+000  1.0035588e+000
  5.1750670e+000  7.2940877e+000
 -3.0714596e+000  8.3721576e+000
  2.7872574e+000 -9.9861113e+000
  7.0767514e+000 -7.4489536e+000
  7.5218400e+000  4.7618087e+000
  5.2574498e-001 -9.7025156e+000
  6.9766845e-001  1.0198809e+001
  7.4724519e+000 -7.7826053e+000
  8.1885297e+000 -6.7796529e+000
  7.3418261e+000  5.8723525e+000
 -5.9202676e-001  9.3379210e+000
  1.6075449e+000  1.0226963e+001
 -2.6302565e+000  1.0118922e+001
  4.4481807e+000 -9.9093681e+000
 -4.6664374e+000  9.4353670e+000
  3.6944708e+000 -8.1447206e+000
  1.0178066e+001  2.7593842e+000
  4.2230902e+000 -8.5233267e+000
  3.1903773e+000 -9.7755080e+000
  2.5536015e+000 -8.5682122e+000
 -4.7032267e+000  9.4011009e+000
  9.5071081e+000  5.4571099e+000
 -4.6424649e+000  8.8425622e+000
  9.3752974e+000 -2.9245831e+000
  8.2440985e+000 -4.3886931e+000
  5.3203636e+000 -8.1208727e+000
  5.3323648e+000 -5.2281115e+000
  7.8117661e+000  4.8881834e+000
 -1.4044998e+000  9.8996146e+000
  4.2335641e+000  9.1964730e+000
  4.5982790e+000  8.4158306e+000
  8.0939619e+000 -3.6045789e+000
  3.5885896e+000  7.5231179e+000
 -1.3241297e+000 -9.2626434e+000
  9.0117530e+000 -2.8894882e+000
 -1.5211488e+000  1.0857157e+001
  6.0786940e+000  8.9412105e+000
  6.9355828e+000 -6.7657585e+000
  5.0282631e+000  7.9520424e+000
 -4.1530717e+000 -8.7438859e+000
  7.4974954e+000 -8.1236218e+000
 -1.4459979e+000 -9.4124314e+000
  1.0258973e+001 -2.2006824e+000
 -4.0717968e+000  8.3281939e+000
  7.8931338e+000  8.7060300e+000
  5.1963354e+000  8.3110092e+000
  9.1153584e+000 -4.9950693e+000
  3.4754786e+000  9.9287908e+000
  3.5376233e+000 -9.4113247e+000
  3.5168163e+000  8.5131518e+000
  8.4487467e+000 -3.2271764e+000
 -1.6008469e-001  1.0340133e+001
  1.0046927e+001 -3.7751692e+000
  7.1846766e+000  9.3971870e+000
  1.0244990e+001  8.2984713e-001
 -4.4463738e+000  1.0814666e+001
 -4.2643309e+000  8.9881363e+000
  5.1480784e-001 -1.0079711e+001
 -5.2426034e+000  9.7924114e+000
  1.9551840e+000 -8.1732201e+000
 -2.1074124e+000 -9.7366494e+000
  2.0007571e+000 -9.4304090e+000
  1.0568446e+001  4.1285670e-001
  3.9008232e+000  1.0126682e+001
 -2.3021250e+000  7.6394275e+000
 -1.0950657e-001 -9.4869011e+000
 -3.7338016e+000  1.0269217e+001
  7.8731455e+000 -6.3993075e+000
  5.0119416e+000  8.9568954e+000
  9.5388293e+000  1.3998369e+000
  3.3506600e+000 -7.2332020e+000
  5.9266755e+000  8.4307278e+000
  1.8973649e+000 -9.3674790e+000
  2.9816100e+000  9.6252581e+000
  8.5557071e+000 -5.4911397e+000
  1.0449363e+001 -3.4028535e+000
  5.2405744e+000 -7.6890475e+000
  9.9186646e+000  2.4829871e+000
  7.9304822e+000 -3.0354798e+000
 -3.0424719e-001 -1.0956602e+001
 -4.9194484e+000  9.1782698e+000
  2.2445922e+000  7.9924947e+000
  9.1324982e+000 -3.6704363e+000
  5.5467944e+000  8.8306192e+000
  1.0741602e+001  1.5090183e+000
  8.2840800e+000  1.6440386e+000
  1.4578628e+000 -1.1294698e+001
  8.7390746e+000 -1.9501233e+000
 -5.2901094e+000 -9.9222196e+000
  9.7847232e+000 -1.4760146e+000
  9.8484640e+000  1.0696319e+000
  8.6121417e+000 -4.5315049e+000
  8.7204551e+000  6.8764334e+000
  4.3137687e+000  7.4332414e+000
  5.0561564e-001  1.0184893e+001
  1.1084793e+001 -2.7797654e+000
  3.3036510e+000 -9.5222758e+000
 -4.3438688e+000  8.3409493e+000
  1.0846078e+001  1.9716140e+000
  2.2108337e+000 -9.8669149e+000
  1.3610569e+000 -8.2530422e+000
 -5.2233444e+000 -8.3695145e+000
  6.7535781e+000 -7.7986506e+000
  4.6130206e-001 -1.0343129e+001
  2.1410424e+000  9.5878901e+000
 -3.5477316e+000  9.6089485e+000
  2.0559965e+000  1.0687205e+001
  8.0595570e+000  1.2721776e+000
  6.7461353e+000 -7.0723008e+000
  1.5549830e+000 -9.4137865e+000
  3.8444339e+000  8.9457323e+000
  2.7212119e+000 -1.0070568e+001
  7.7124905e+000 -5.7104004e+000
  9.1549591e+000  4.2465595e+000
 -3.6888475e+000 -8.3436096e+000
 -3.4760586e+000 -7.8906961e+000
  7.2216324e+000 -8.2306160e+000
 -4.0289268e+000  6.3575276e+000
  8.7967645e+000  7.2706943e+000
 -1.0881630e+000 -9.5725051e+000
  1.0411666e+001 -3.4956781e+000
  4.1759165e-001 -9.9094392e+000
  8.6054496e+000 -2.6695541e+000
 -3.7023008e+000 -9.3625881e+000
  7.8473436e+000  6.5046618e-001
  1.8362581e-001 -1.0003667e+001
  6.6518075e+000  9.6079714e+000
 -2.1898415e+000  8.8686601e+000
  6.6594924e+000 -7.7543347e+000
  9.6749039e+000 -2.0632779e+000
  9.9446098e+000  1.2963239e+000
  5.1268110e+000 -7.5186895e+000
  1.9152486e+000  6.2161629e+000
  1.0578010e+001  4.4599191e-001
  4.6054062e-001  9.8419515e+000
 -2.2787565e+000  1.2235934e+001
  4.5302756e+000  9.6634502e+000
  7.5768847e+000 -5.1136732e+000
  9.7324886e+000  4.3948631e+000
  1.0053063e+001  3.9425608e+000
  8.2050606e+000  8.2855334e+000
  8.5209355e+000 -3.0720243e+000
  8.9235009e+000 -5.7757414e+000
  7.6074160e+000  6.4978111e+000
 -4.1349406e+000 -7.3023790e+000
  5.3635043e+000  8.0584173e+000
  6.0281919e+000  6.8447737e+000
  2.3372595e+000 -1.0657129e+001
 -6.9229032e-001  1.0540168e+001
 -2.9777110e+000 -1.0246063e+001
  4.7219295e+000  8.6631159e+000
  4.0427268e+000  1.1097617e+001
  6.0773126e+000 -9.0566091e+000
  9.1672859e+000  5.5696926e+000
 -3.1837354e+000  9.6721470e+000
  1.0353690e+001  8.0016616e-001
  7.0857057e+000  6.4887378e+000
  3.0936255e+000 -7.3953062e+000
  1.0592621e+001 -2.8633738e+000
  1.0057330e+001 -9.3414862e-001
  7.9918289e+000 -5.1251395e+000
  9.4897154e+000 -2.5471368e+000
  7.9196030e+000  5.6365957e+000
  3.8279572e+000 -1.1028794e+001
 -2.7686720e+000  8.4479282e+000
 -7.1187437e+000 -9.0438527e+000
  7.7915187e+000  8.5078720e+000
 -4.1939729e+000 -9.0285575e+000
  6.7425737e+000 -8.6320569e+000
  7.5449116e+000  6.5417378e+000
  8.7509733e+000  5.1421575e+000
  8.0805016e+000 -5.3274918e+000
 -4.2112671e+000  8.7117522e+000
  7.5908561e+000  7.0204383e+000
  3.7032979e+000  9.9035561e+000
 -2.4268199e+000  9.4352346e+000
  2.9383397e+000  9.1467243e+000
  9.1676407e+000 -1.4909273e+000
 -9.4203499e-001 -1.1165083e+001
 -1.9968551e-001  9.6756600e+000
 -2.5548817e+000  8.0288054e+000
  4.1837618e+000 -8.9654228e+000
 -4.1253798e+000 -9.1733881e+000
  5.9558805e-001  1.0077602e+001
  9.5043785e+000 -1.1375638e+000
  1.0751043e+001 -3.5034585e+000
  3.1985906e+000 -8.9276618e+000
  8.9659922e+000 -6.7484778e+000
  1.2390723e+001 -5.7494027e-001
  8.7648584e+000  2.9474016e+000
 -1.4340887e+000  9.8596115e+000
  7.8070179e+000 -1.0244113e+000
 -4.1643120e+000  7.2936954e+000
 -1.8341557e+000 -9.2145349e+000
  2.1059318e+000  9.6224754e+000
 -5.5814290e+000  8.1764311e+000
  8.0742296e+000  6.3814880e+000
  8.7048301e+000  2.9344399e+000
  1.0618251e+001  2.3640183e-002
 -1.5380681e+000  9.6955083e+000
  9.6079081e+000  4.7062668e+000
  5.4106222e+000  8.6773478e+000
  1.0151119e+001 -1.9381501e+000
  7.0308750e+000  7.2582798e+000
 -3.7276339e+000 -1.1842797e+001
  3.5962073e+000 -9.5655770e+000
  6.5512759e+000 -7.8740260e+000
  2.6741919e+000 -1.0390193e+001
  9.8971132e+000  1.8560822e+000
  2.1793368e+000  6.8882387e+000
  2.1094986e+000  1.0364261e+001
 -6.0271622e-001 -1.0742383e+001
  1.1316727e+000  1.0272899e+001
  7.1632752e+000  4.6315853e+000
  7.3936796e+000  6.7444927e+000
  8.5465507e+000 -1.4730611e+000
  9.6934869e+000  2.9580582e+000
  2.3601307e+000 -8.4639368e+000
  8.2730119e+000 -5.2571862e+000
  1.0085969e+001  3.7118159e+000
  6.7215791e+000 -2.2441565e+000
  3.7599959e+000  9.4946715e+000
  8.6477816e+000 -4.6375933e+000
  8.1942254e+000  7.5952739e+000
  1.0184139e+001  3.6514736e+000
  7.5844492e+000  8.2511466e+000
  7.9890655e+000 -3.1718226e-002
  1.7728388e+000  1.0543567e+001
  3.7634802e+000  7.5970614e+000
  5.1771340e+000  8.9502775e+000
 -3.2251485e+000  9.6197632e+000
  1.0914221e+001  1.0668045e+000
  4.7571079e+000 -1.0274145e+001
  8.8930773e+000 -6.4936644e+000
 -9.8310227e-001 -9.9344799e+000
  1.0945189e+000  9.7180951e+000
 -6.0874899e+000 -9.0637428e+000
  1.1122647e+001  2.9039514e+000
 -4.6308440e+000 -9.4280691e+000
 -2.6778707e+000 -9.2228925e+000
 -1.8897984e+000 -9.8287158e+000
 -2.4011750e+000 -8.7532946e+000
  1.7944164e+000 -8.8471960e+000
 -8.6820063e-001 -8.9327903e+000
  2.8944701e+000  9.3483180e+000
 -3.3300830e+000 -1.0813208e+001
  8.6327613e+000 -2.1713214e+000
  7.7326506e+000  6.8495027e+000
  2.4065833e+000 -1.0190649e+001
 -4.4050076e+000  8.9587221e+000
 -1.0510148e+000  8.7329862e+000
  1.6917167e+000 -1.0560125e+001
  5.3439320e+000 -1.0776124e+001
  9.9909965e+000 -2.2791782e-001
  1.0693872e+001  6.2565861e+000
  7.9650966e+000 -5.7610556e+000
  5.7714458e+000  9.2259345e+000
  7.4369608e+000 -4.1632495e+000
 -3.0636881e+000  9.8448142e+000
  8.0656749e+000 -4.0731605e+000
  8.7364929e+000  4.9237275e+000
  9.3275829e+000 -4.4031991e+000
  9.8393854e+000  4.0407186e+000
  3.8379655e+000 -1.0036431e+001
  9.8074652e+000 -4.4046159e+000
  8.7860373e+000  3.6691267e+000
  9.0642176e-001  9.4013143e+000
  6.6752120e+000 -7.1308251e+000
 -3.2007905e+000  8.3359969e+000
  6.7390141e+000 -4.3195884e+000
  8.3381719e+000  2.0500788e+000
  5.1834852e+000 -9.1149782e+000
  4.5881992e+000  6.9998701e+000
 -5.4844236e+000 -1.1211505e+001
 -4.8293087e+000  8.8512940e+000
 -2.5162379e+000 -9.2933265e+000
 -3.2210140e+000  1.1532428e+001
  1.7257087e+000 -8.5482755e+000
  9.0761051e+000 -2.5378719e+000
 -9.5079266e-001 -9.6990084e+000
  3.9986147e+000 -9.6321388e+000
 -3.8807311e+000  1.0308865e+001
  9.2874506e+000 -1.1637112e+000
  5.5967457e+000  7.1516260e+000
  5.1880384e+000 -8.5065305e+000
  2.1597789e+000 -1.0593334e+001
  7.0011628e+000 -5.3770302e+000
  7.6684839e+000 -5.3857473e+000
  1.1007729e+001 -1.9770877e+000
  6.3913847e-001  9.5457512e+000
  2.4342180e-001 -1.0402763e+001
 -2.1571808e+000  1.1443222e+001
  9.9610807e+000 -6.9367556e+000
 -8.8229223e-001 -8.9483243e+000
  1.6667342e-001 -1.1283365e+001
  4.6445163e+000  9.1821695e+000
  4.1594094e+000  6.5062174e+000
  1.0142104e+001 -3.1995538e+000
  8.2897250e+000  5.1365441e+000
  9.8273116e+000  1.3092692e+000
  7.5984763e+000 -6.9352313e+000
  1.1680500e+001  1.4054477e+000
 -4.0582362e+000 -1.1251923e+001
  2.3593713e+000  1.0634131e+001
  3.3994291e-001 -9.0469672e+000
 -5.2213121e+000  8.6709616e+000
  9.4746370e+000  1.6891834e+000
  6.7644441e+000 -8.1905475e+000
  3.0134072e+000 -8.6902204e+000
  4.5462750e+000  9.7256686e+000
  7.4995319e+000 -4.9971865e+000
  3.9959372e+000 -1.0467063e+001
  9.9100423e+000 -1.4340539e+000
  8.5446091e+000 -1.8688728e+000
  8.1831518e+000  7.3065626e+000
  6.6024985e+000 -8.9232169e+000
  2.6974420e+000  1.0018789e+001
  1.0681833e+001  3.5252777e+000
  8.9981971e+000 -4.3327817e+000
  9.3519604e+000  3.5164504e+000
  9.1885776e+000  4.7063968e+000
 -3.6213536e+000  7.3302294e+000
  1.3665231e+000  1.0951962e+001
  9.3962879e+000 -3.2263795e+000
 -1.4725313e+000  9.0126425e+000
  8.1271250e+000 -3.4317752e+000
  2.0463906e+000 -1.1994779e+001
 -5.7277674e+000 -9.0522998e+000
 -2.6743215e+000  8.8358270e+000
 -3.5840002e+000  8.5427948e+000
  5.9543248e+000 -1.0399878e+001
  7.4852725e+000  4.5434261e+000
  7.4545717e-001  9.7259906e+000
  6.2827234e-001  9.2664506e+000
 -9.1511796e-001  1.0682380e+001
  9.1496026e+000 -5.7056591e+000
  6.8033614e+000  4.1718225e+000
 -9.8758702e-001  9.2247761e+000
  1.0763058e+001 -3.7295365e-001
  1.0285681e+001 -1.4773866e+000
  9.2463354e+000 -8.4739870e-001
 -5.1244963e-001 -8.9103981e+000
 -3.8380732e-002  1.0062914e+001
 -3.5015345e+000 -9.8029813e+000
 -6.8543404e-002 -1.1019099e+001
  8.3273683e+000  5.4943037e+000
  1.0749821e+001  3.1284777e+000
  1.0674673e+001 -3.5753922e+000
  1.7395710e+000 -1.0554247e+001
 -4.0384820e+000  1.0257308e+001
  5.7004718e+000 -8.1223531e+000
  2.4047805e+000  8.9756483e+000
  3.4401338e+000 -1.0198937e+001
  1.0139551e+001  3.7117484e+000
  7.4099948e+000  7.9481849e+000
  8.2852481e+000 -4.2290633e+000
  8.2717900e+000 -2.2539348e+000
 -2.1997000e+000 -9.2146029e+000
  2.3430407e+000 -9.0903385e+000
  6.3012788e+000 -6.5330454e+000
  7.5377187e+000 -5.8185472e+000
  5.0636372e+000 -9.2350733e+000
 -3.0019255e+000 -9.4461867e+000
  7.8648215e+000  4.9467540e+000
  1.0286410e+001 -2.7089782e+000
 -8.8209588e-001 -1.0716613e+001
  1.8713807e+000 -8.4039888e+000
  1.0344664e+001  1.8702340e+000
  3.4846679e+000 -9.6723768e+000
  5.5765594e+000 -8.0167824e+000
 -2.1784883e+000 -8.9491513e+000
  5.2782415e+000 -1.0221799e+001
  1.0522793e+001  5.8955661e+000
  2.6542572e+000  8.4326397e+000
 -3.4297029e+000  1.0145336e+001
 -3.3913205e+000  1.0271330e+001
  1.0894006e+001 -2.5492317e+000
  7.5447198e-001  8.8989170e+000
  6.2248476e+000 -7.0323957e+000
  8.6770241e+000  3.3363781e+000
  3.5582596e+000 -8.2514003e+000
  5.2401257e-001 -7.1978266e+000
  3.3595686e-002  9.7837592e+000
 -2.0347269e+000 -9.2042851e+000
  9.3500434e+000 -7.9881650e-001
  5.8136450e+000 -8.0149851e+000
  5.9995618e+000 -9.0941379e+000
  7.0440374e+000 -6.8514492e+000
 -2.8383158e+000 -1.0949632e+001
  1.7827193e+000  9.6594407e+000
  9.4062590e+000 -8.2584146e+000
  1.1166496e+001 -2.6100124e+000
  8.4026398e-001 -8.6322076e+000
 -2.6731771e+000  9.0483749e+000
  8.8287603e+000  3.5006993e+000
  4.4827891e+000  9.2745804e+000
  8.2431974e+000  3.6173890e+000
  4.4841304e+000 -8.1170675e+000
  7.2099290e-001  8.9233619e+000
  8.3092323e+000 -2.7718195e+000
 -8.2797378e-001  9.5158269e+000
 -3.9853627e+000 -9.9202906e+000
 -1.3656674e+000  9.2200304e+000
  1.5488240e+000  9.8783724e+000
  1.0895006e+001 -9.3725411e-001
 -4.4054288e-001  8.8572784e+000
  6.5410088e+000 -6.4086291e+000
  2.6949418e+000  9.7623318e+000
  9.2023544e+000 -1.2505083e+000
  3.4709641e+000  8.7285889e+000
  9.7006337e+000  2.4162800e-001
  7.5432461e+000  6.8186103e-001
  5.1237172e+000 -8.7339049e+000
  3.0464364e+000  9.0859516e+000
  1.0066906e+001  6.8122271e-002
 -4.2290578e+000  1.0963777e+001
  8.3102330e+000  4.9714081e+000
  1.4979114e+000 -9.7940599e+000
  6.5679562e+000  7.7760019e+000
  6.7720631e+000 -7.8289563e+000
  5.1416653e+000 -9.4854011e+000
 -3.4530538e+000  9.6103387e+000
  3.5376854e+000  1.0547847e+001
  1.9313319e+000 -9.7224635e+000
  3.4580143e+000  9.6223533e+000
  1.1711019e+000 -9.7774649e+000
 -4.4468006e+000 -8.9985890e+000
  6.5801263e+000 -7.1100769e+000
 -4.4892654e+000  9.2003411e+000
  1.1473703e+001  7.3396688e-002
 -1.2171715e+000  9.5053438e+000
  2.2156309e+000  8.9548669e+000
 -9.9005377e-001  9.9703385e+000
  1.0968251e+001 -3.9197217e+000
  3.1221189e+000 -9.4991534e+000
  8.3858670e+000  6.1693996e+000
  8.3759448e+000 -3.5366821e+000
  1.0082477e+001 -5.4756477e+000
  4.8514508e+000 -8.1299796e+000
  3.4516465e+000 -1.0590065e+001
  7.8160260e+000  3.0931190e+000
  3.4044489e+000  9.0883176e+000
 -4.8482036e+000 -9.0920032e+000
  3.3399985e+000 -9.4281617e+000
 -2.6300359e+000  8.8584518e+000
  6.2099500e+000 -7.4162910e+000
  9.8710879e+000  5.7285322e-001
  4.7054990e+000 -6.6241358e+000
 -6.6165964e+000  9.2121264e+000
  1.0239297e+001  1.8326182e+000
  2.1678508e-001 -7.4525290e+000
  7.5756038e+000 -5.6844346e+000
 -2.0374230e+000  1.0282270e+001
  3.1517725e+000  1.0657217e+001
  1.0116919e+001  1.4309202e+000
  5.4126310e+000 -6.0007555e+000
  3.1493736e+000 -8.9292861e+000
  8.9655167e+000 -2.9276986e+000
  3.5977461e+000  7.6937349e+000
  1.1342459e+001  3.6583872e-001
  7.3958046e+000 -6.7768164e+000
 -4.7019336e+000  9.3944222e+000
  8.9271100e+000 -3.9553123e+000
 -3.0439111e+000 -9.6078647e+000
  3.8054436e+000 -9.3946714e+000
  1.4076682e+000  1.1116487e+001
  5.8208651e-001  1.1337779e+001
  7.6977655e+000  2.3681449e+000
 -3.6381803e-001 -8.2599281e+000
  3.0490064e+000 -1.0743797e+001
 -6.0626228e+000  1.0057114e+001
 -9.1739828e-001 -8.8017410e+000
 -3.6400348e-001 -7.8739553e+000
 -5.2445278e-001  1.0371489e+001
 -1.9143306e+000 -7.4230874e+000
  9.5907079e+000 -3.6616737e+000
  3.5580211e+000  9.2656661e+000
  7.0302650e+000 -6.1821398e+000
  9.6636641e-001 -1.0777405e+001
  8.3492583e+000  5.3342048e+000
  1.0352990e+001 -7.0249239e+000
  1.0477788e+001 -4.3729578e+000
  2.8783665e+000 -8.6741895e+000
 -2.8629506e+000  8.1405604e+000
  7.4606214e+000  6.8569405e+000
 -1.6590748e+000 -1.0687971e+001
  1.0867220e+001 -3.4931095e+000
 -4.1948333e+000  9.8672702e+000
  5.8084170e+000  1.0411120e+001
 -3.4982798e+000 -8.1503213e+000
  2.7250360e-001 -8.8538945e+000
  1.0172485e+001 -2.5853570e-001
  6.8175335e+000  6.4859239e+000
  8.0793738e+000  4.0369118e+000
  9.6515692e+000  1.4615139e+000
  9.2877582e+000  4.5910221e+000
  4.3571336e+000 -7.6311033e+000
  1.0006827e+001 -2.3877844e+000
  8.4668919e+000 -3.8867593e+000
  1.1083344e+001  1.7664638e-001
  9.8835724e-002 -1.1892643e+001
 -1.4192502e+000  1.0241095e+001
  7.6988221e+000  3.8463700e+000
 -1.6539694e+000 -9.2431968e+000
  7.5842430e+000 -4.6620584e+000
  4.0783246e+000  8.7650148e+000
  5.0885556e+000  7.4458095e+000
  7.3275652e+000 -7.0017796e+000
 -4.7923059e+000 -8.1943810e+000
  4.3761673e+000 -8.6929944e+000
  8.2407426e+000 -7.7210503e+000
 -5.3709956e+000 -8.0768316e+000
 -5.5222348e+000 -8.9814451e+000
  1.3929628e+000  1.1766583e+001
  9.0204323e+000  4.1501877e+000
  1.2723997e+000 -9.5450046e+000
  7.0078804e+000 -3.2406859e+000
  4.7168885e+000 -8.3520855e+000
  1.5941965e+000 -9.5224219e+000
  1.0606908e+001  3.8764669e+000
 -6.2032031e-001 -9.5087651e+000
 -2.2977929e+000  1.0307676e+001
 -3.7242944e+000  8.4594946e+000
  1.0120787e+001  3.9016453e+000
  2.9070492e+000  9.1753221e+000
  6.3218369e+000 -8.7973039e+000
 -3.1960240e-001 -8.9691384e+000
 -1.8956269e+000 -8.7444185e+000
  8.7851866e+000 -4.2214199e+000
  1.9929124e+000  9.9452434e+000
 -1.0834107e+000 -1.0738192e+001
  9.3521204e+000 -3.4435647e+000
  1.0205030e+001 -3.8938684e+000
  1.0186947e+001  2.5039883e+000
  3.8498669e-001 -9.3030891e+000
  7.2422358e+000  6.5867319e+000
  1.0010280e+001 -3.1511324e+000
  3.2653605e-001  1.0280047e+001
  5.5245474e+000 -9.7152767e+000
 -5.1043606e+000 -9.0452366e+000
 -2.4492065e+000  9.6825129e+000
  6.6999691e+000  4.0610956e+000
 -2.5907458e+000  1.0163198e+001
 -3.2303625e+000 -9.6046163e+000
 -3.7444642e+000 -9.2032043e+000
  5.2233492e-001  1.0621888e+001
  8.6600465e+000 -4.7575009e+000
  1.1065494e+001 -5.2413845e+000
  8.7917081e+000  6.2509581e+000
  9.2267489e+000 -3.3379553e+000
  1.6875220e+000  7.9898190e+000
  5.0359137e+000 -8.4041962e+000
  8.0027783e+000 -5.0220591e+000
  5.6933551e+000 -8.6040687e+000
  3.1609355e+000  1.0395087e+001
  1.0628251e+001  7.6697520e-001
  7.7203510e+000 -9.0731328e+000
  5.4396843e+000 -9.2568921e+000
 -8.1254090e-001 -1.0641292e+001
  8.6656519e+000  2.1757958e+000
  2.3894517e+000 -8.8481689e+000
  3.3912458e+000 -9.4035923e+000
  2.1099483e+000 -9.2571247e+000
 -1.1466598e+000 -9.6136374e+000
  5.7619310e+000  6.3674516e+000
  2.0227366e+000 -1.0695784e+001
 -1.1386913e+000  8.8187188e+000
  3.3223884e+000 -9.5905703e+000
  9.9241423e+000  8.8456904e-001
  7.3630625e+000 -4.8344556e+000
  1.0063938e+001  5.8201712e-001
 -1.8289134e+000  9.5470071e+000
  4.2637380e-001  1.1327386e+001
  8.5591846e+000  5.0678233e+000
  2.5193432e+000  9.0645951e+000
  1.7902500e+000 -8.1805062e+000
  2.1665816e+000 -1.1308945e+001
  1.0079207e+001  9.8822991e-002
  7.5797917e+000 -7.1415444e+000
 -3.9275557e+000  9.3449048e+000
  7.2366505e+000 -4.8344838e+000
  1.2464735e+001  7.6831542e-001
  3.3419349e+000 -7.7967858e+000
  1.0454893e+001 -1.4363123e+000
  1.5209236e+000 -1.0071197e+001
  3.6618663e+000  9.2482341e+000
  3.4402036e+000  9.3962606e+000
 -1.4336779e+000 -1.0864942e+001
 -3.1778858e-002 -1.0665910e+001
  6.4314715e+000 -5.9992626e+000
  8.3547954e+000 -2.6640912e+000
  1.4949457e+000 -1.0418405e+001
 -1.4872981e+000 -9.4529414e+000
  1.0513145e+001  1.4579744e+000
 -4.4714890e+000 -9.6706343e+000
  8.2545429e+000  4.0808128e+000
  7.1168960e+000  8.5824187e+000
 -9.6003682e-001  1.2317490e+001
  3.1222293e+000  9.0371684e+000
  1.1145586e+001 -3.6614012e-001
  1.2110481e+001 -2.7716005e+000
 -6.4913089e-001  9.4726982e+000
  3.3287350e+000 -1.0715820e+001
  9.7793126e+000  6.4894027e-001
 -1.0504634e+000  1.0179616e+001
  1.1847077e+001 -1.6946602e+000
  6.5427450e+000 -5.8977612e+000
  1.1780238e+001 -1.6542942e+000
  1.3242374e+000 -9.0537810e+000
  9.6316725e+000 -2.1076453e+000
  5.4850303e+000  8.4826207e+000
  5.7532226e+000 -7.4421034e+000
  4.9478525e+000  6.3653761e+000
 -4.3930580e+000  8.6384561e+000
 -2.1279816e+000 -9.9789361e+000
  4.3151528e+000  9.3096403e+000
 -2.1516264e+000 -9.0753283e+000
  2.8214074e+000  7.3902601e+000
  4.6853510e+000 -9.7719441e+000
  5.4843755e-001 -1.0225452e+001
  8.2549743e+000  7.3695710e+000
  7.3444938e+000 -6.5838697e+000
  7.1655000e+000  6.7753149e+000
  1.0051873e+001  5.0762500e+000
  5.1631504e+000 -5.5953742e+000
 -2.0108192e+000  7.7614692e+000
  5.8237397e+000  7.5148630e+000
  1.0838980e+001 -2.5473479e-001
  5.3908364e+000 -8.7418885e+000
 -1.5997256e+000  1.0653153e+001
  6.0584656e+000 -9.3242397e+000
  6.5656846e+000  7.3317577e+000
  9.7886908e+000 -4.5186167e+000
  5.8282751e+000 -1.0373188e+001
  7.6785092e+000 -1.6219522e+000
  6.1064346e+000 -6.5791350e+000
 -1.2856051e+000  1.1774655e+001
  6.6547930e+000 -8.2529733e+000
  6.6638313e+000 -5.9501505e+000
  1.4068484e+000  1.2042328e+001
 -1.8527321e+000  9.0337007e+000
  8.2592118e+000  1.5192107e+000
  8.7526118e+000 -6.3603706e+000
 -1.2892148e+000  8.7650600e+000
  7.3594564e+000 -5.2183061e+000
  4.4662321e+000  7.9896320e+000
  8.6931775e+000 -1.9061094e+000
  9.1332621e+000  1.7775588e+000
  6.2419821e+000 -7.2907070e+000
  5.1565112e+000  9.7525739e+000
  8.6474456e+000  1.4109155e+000
  5.4735383e+000 -7.3006613e+000
  8.4292733e+000  5.5313071e+000
  1.2882152e+000 -1.0242704e+001
  5.7355709e+000  6.7085522e+000
  4.8960665e+000 -9.1694053e+000
  8.4046947e+000  5.9656949e+000
 -3.4807219e+000  9.6370012e+000
  4.4678192e+000  7.9504706e+000
  9.2745855e+000  3.2605685e+000
  2.0315106e+000 -8.6455428e+000
 -1.6947095e+000 -9.7040421e+000
  8.9227464e+000  1.5600442e+000
  8.7454189e+000 -1.8479743e+000
  1.1575422e+001 -1.2392143e+000
  1.9245351e+000  1.1973598e+001
  1.0227011e+001 -2.4254097e+000
  2.8618179e+000  1.0981741e+001
 -5.1753423e-001  1.0653830e+001
  1.1971942e+001 -2.1996795e+000
  8.9392455e+000  8.2028297e+000
  7.7412092e-001 -8.7605726e+000
  6.5826058e+000 -7.7409752e+000
  5.1568680e+000  1.0456862e+001
  6.8714750e+000  6.2476752e+000
 -2.7645812e+000 -1.0839513e+001
 -1.0270647e+000  1.0235130e+001
 -4.0823181e+000 -9.0321317e+000
 -2.3605023e+000 -9.1348111e+000
 -1.1622139e+000 -9.6399266e+000
  1.0109414e+001  3.9819303e+000
  9.5904291e+000  2.6640055e-001
  1.0431684e+001 -1.2255033e+000
  7.4549817e-001  1.0017600e+001
  4.3782084e+000  9.8318672e+000
  1.8968892e+000 -8.7877353e+000
  1.6196427e+000 -1.0616641e+001
  1.2228954e+000  9.8158200e+000
  3.9886925e+000  8.6209912e+000
 -3.6159532e+000  9.7196387e+000
  3.7632072e+000  1.0266695e+001
  5.7492087e+000  7.0864191e+000
  9.5882809e+000  2.0894634e+000
 -5.5409186e+000 -7.4162053e+000
 -2.6343755e+000 -8.0018465e+000
  9.7821867e+000  3.4775754e+000
  2.9912175e+000 -1.0219597e+001
  3.6204374e+000 -1.1280141e+001
  9.1031647e+000  3.9635158e+000
  7.5311004e+000  7.8251143e+000
 -3.1471753e+000  9.8220062e+000
 -6.1759706e+000  1.0752395e+001
  8.4431853e+000  4.1349635e+000
  1.8453450e-001 -8.6749057e+000
 -2.2455735e-001  9.7960835e+000
  8.1951307e+000  5.7890261e+000
 -3.0912760e-002  8.9556353e+000
 -1.3075339e+000 -8.7397329e+000
  7.5604622e-002  1.0091657e+001
  1.0546959e+001  1.4102829e+000
  1.0311406e+001 -5.1440038e+000
 -1.4706793e-002 -1.0648923e+001
  7.3737247e+000  7.4155013e+000
  2.6972950e+000  9.3398353e+000
  4.9296776e+000  7.5653824e+000
  5.8819780e+000 -7.6800904e+000
  9.6201528e+000 -6.2520111e+000
  5.0917305e+000 -8.6065244e+000
 -1.4924115e+000 -1.0438482e+001
  5.2825540e+000 -7.6596528e+000
  6.6254808e+000  5.0821462e+000
  4.4237441e+000 -7.3913990e+000
  1.1169026e+001  1.6773625e+000
  2.0362967e+000  9.8969478e+000
  7.8351796e+000  4.7644845e+000
 -4.1098771e+000  1.0105436e+001
 -1.6326056e+000 -8.9801320e+000
  9.5436479e+000 -1.3158744e+000
  9.7194285e+000  1.1415363e+000
  1.0158350e+001 -1.7209920e-001
  7.8424222e+000  6.9154467e+000
  8.4820079e+000 -6.8663268e+000
 -1.5628822e+000  9.5032656e+000
  2.3999571e+000  1.0290640e+001
  6.7391084e+000 -6.8522283e+000
 -6.2385732e-001 -9.3828254e+000
  2.8054105e-001 -9.6128004e+000
  8.4297471e+000 -7.1441221e-001
 -3.5085506e+000 -9.2208545e+000
  1.1157469e+001  3.2380317e-001
  6.7536931e+000  8.3836160e+000
 -4.4542718e+000  9.6370043e+000
  6.4043863e+000  5.7823299e+000
 -3.0363595e-001 -1.0471719e+001
  7.0107870e+000  7.8750706e+000
  7.6250658e+000 -8.2829117e+000
 -7.1606508e-001 -1.1596465e+001
  8.0948949e+000 -4.9031622e+000
  7.8710676e+000  7.4902664e+000
  1.0297523e+001  4.4945697e-001
 -9.1521650e-001 -1.0134045e+001
  1.6577980e+000 -9.6814579e+000
  2.2780195e+000 -1.0300938e+001
  5.9633976e+000  6.9977825e+000
  1.9560028e+000 -8.5230896e+000
  8.6534430e+000  5.0389276e+000
 -3.9842687e+000  7.7058736e+000
  1.0293293e+001 -5.1636133e+000
  5.4822352e+000  8.1358761e+000
  9.6468156e+000 -1.1958515e+000
  3.4059627e+000 -9.7695394e+000
  6.4525407e+000 -7.0420977e+000
  1.0097799e+001  8.4295450e-001
  7.0278525e+000  7.7001768e+000
 -4.0476666e+000  8.2013195e+000
  6.2093881e+000  7.3483677e+000
  3.2139177e+000  8.9231344e+000
  6.4656513e+000  8.0896289e+000
 -4.8367406e+000 -8.2301171e+000
  7.2937191e+000  5.5402765e+000
 -1.2977544e+000  8.4364584e+000
 -6.8032588e-001  1.0880815e+001
 -4.9998031e+000  6.2100568e+000
  9.2193161e+000 -2.4267604e+000
  8.0861172e+000  6.3190387e-002
  4.5813701e+000 -8.8661078e+000
 -4.3850279e+000 -9.4438185e+000
 -3.3323494e+000  8.8124119e+000
  5.3856582e+000 -5.1673335e+000
  8.4738016e+000 -5.7340768e+000
 -1.4215135e+000 -8.2587614e+000
  2.2687376e+000  8.2415701e+000
 -2.0641327e+000 -9.1981012e+000
  5.1070698e+000  7.4742452e+000
  6.9969536e+000 -4.8682966e+000
  5.5557655e+000  9.0977583e+000
  3.9900098e-001 -1.0331614e+001
  7.2017871e+000  7.2924265e+000
 -5.9225867e+000  1.0423410e+001
  3.9625699e+000  8.2575080e+000
  5.1481732e+000  8.3598975e+000
  2.9012609e+000  9.6323700e+000
  1.5815216e+000 -7.7973719e+000
  5.0963150e+000 -8.3593555e+000
  1.1047146e+001 -1.0303972e-001
 -1.3307774e+000  1.0738479e+001
  1.0350459e+001 -1.3991977e+000
 -3.2313718e+000  1.1266553e+001
  9.5095344e+000 -5.6134355e+000
  1.5861989e+000 -9.2612632e+000
  1.0329038e+001 -2.6306389e+000
  4.5472336e+000 -1.0249527e+001
  5.8023496e+000 -1.0009754e+001
  8.5844810e+000  6.3365413e+000
  8.4074911e+000 -4.5012457e+000
  1.1534783e+001  3.4731004e-001
  7.3304204e+000  6.5667965e+000
  5.6663613e+000  1.0473201e+001
  8.3883760e+000  1.7212230e+000
  4.9178095e+000  7.6523730e+000
  1.0164170e+001  4.9655325e+000
  1.0978004e+001  3.4754461e+000
  8.2986421e-001  8.5519484e+000
 -2.6237656e+000 -1.1220235e+001
  7.9760675e+000 -2.6833371e+000
 -3.1189717e+000 -1.0393646e+001
  1.0065376e+001  1.4230580e+000
 -1.9808771e+000 -8.9410347e+000
  4.6774958e+000 -7.3567451e+000
  6.9735581e+000  7.6877957e+000
  5.2606856e+000  8.6588280e+000
 -7.3714083e+000  7.1530452e+000
  6.5337834e-001  8.8208884e+000
  8.1699937e+000 -3.7687597e+000
  1.0475762e+001  6.2489304e-001
  3.8415887e+000  9.2254966e+000
  8.8201355e+000 -1.0175906e+000
  2.1705618e+000  1.0363878e+001
  9.9777741e+000 -1.8824145e+000
  7.0074425e+000  7.6247260e+000
  1.6853041e+000  1.0839590e+001
 -4.0221318e-001 -7.9053964e+000
  2.2195521e+000  1.1064767e+001
 -1.9862449e+000  9.9978459e+000
 -4.0644636e+000 -9.0781998e+000
 -1.8851424e+000  9.4616007e+000
  5.2389118e+000  8.9813246e+000
  1.6605436e+000 -1.1432965e+001
  1.1002710e+001 -2.1482294e+000
 -4.2574141e+000 -8.5208468e+000
  3.3737827e+000 -9.8286568e+000
  1.9881442e+000 -9.3708538e+000
  6.8519064e+000  6.5453543e+000
 -2.7476844e+000  8.5886892e+000
 -2.6057291e-001  9.3463176e+000
  8.2840020e+000 -7.1839328e+000
  4.8912277e+000 -7.4843573e+000
 -4.1879745e+000 -1.1248795e+001
  3.7235279e+000 -7.8187500e+000
  9.0858028e+000  3.5400973e+000
 -1.4171435e+000  8.7577780e+000
  7.5770623e+000 -6.1217494e+000
  1.0224220e+001 -6.0365227e+000
  9.7037895e+000  4.7557049e+000
 -3.6805470e+000  8.9780342e+000
  4.3377457e+000 -9.5936809e+000
  5.1328383e+000 -7.9081623e+000
  1.6519896e+000  1.0607321e+001
  8.5094646e+000 -4.0058485e+000
 -1.9793188e+000 -1.0378941e+001
  7.7313313e+000 -4.7246339e+000
  6.0888284e+000  5.8014380e+000
  9.1286499e+000 -3.7132126e+000
  7.8608944e+000 -7.0852006e+000
  1.0675011e+000 -1.1333953e+001
  8.1922498e+000  1.9385359e+000
  8.3094254e+000  4.8645752e+000
 -5.2456472e+000 -9.1225523e+000
  6.0982730e+000  9.3737459e+000
 -9.3678268e-001 -6.9315803e+000
  9.2452515e+000  3.0156025e-001
  2.6024613e+000 -8.9502494e+000
 -2.7110054e+000 -9.3723824e+000
 -3.5014875e+000 -8.3447524e+000
  5.9007117e+000 -8.5740306e+000
  7.8177396e-001 -1.0421987e+001
 -4.3229263e+000  8.1052142e+000
  7.1440929e-001  1.1036141e+001
  3.4076818e+000  8.7866112e+000
  4.1648743e+000  1.0136250e+001
 -2.5850005e+000 -1.1431922e+001
  9.0990683e+000 -6.9215193e+000
  8.9119090e+000  6.9764325e-001
  5.3241185e+000  7.9814007e+000
  5.6538611e+000 -1.1228213e+001
 -2.3235730e+000  7.6906234e+000
  1.9264411e+000 -1.0282727e+001
  7.5228167e+000  6.1577099e+000
  4.8099735e+000 -7.8724316e+000
  5.8795350e+000 -5.8856301e+000
 -1.4110948e-001 -8.8089398e+000
  1.0526761e+001 -6.8290778e-001
 -2.4463541e+000  9.1339743e+000
  3.6332179e+000  6.5436868e+000
  8.5641096e-001  1.0608796e+001
 -4.4683835e+000 -9.2679658e+000
  7.0998338e+000  5.9450823e+000
  9.4309857e+000  3.4347863e+000
 -1.0721884e+000 -1.0127819e+001
  8.9308608e+000  3.5445485e+000
  1.8668587e+000 -8.6121848e+000
 -3.3368249e+000 -8.9106864e+000
  4.8990889e+000  8.9959650e+000
 -2.7767885e+000  1.0549348e+001
 -2.5140996e+000  9.9659205e+000
 -2.5904056e+000 -1.0557325e+001
 -3.5845464e+000 -9.4354262e+000
  8.6343727e+000  4.9946526e+000
  7.5291778e+000  5.8570228e+000
  6.2590328e+000 -6.9112169e+000
 -3.0796057e+000 -9.8012482e+000
  9.9177620e+000  5.0256754e+000
  9.1355122e+000  1.8750262e+000
  8.8587702e+000 -3.1657299e-001
 -1.4523431e+000 -8.4158404e+000
  7.9856574e+000 -7.5448938e+000
  1.1261935e+001  6.6012005e-001
  1.1179111e+001  2.7405666e+000
  8.8261847e+000  3.8741317e+000
  8.4162478e+000 -2.4505199e+000
  9.0719869e+000  8.9921214e-001
  1.0956509e+001  1.3972629e+000
 -9.5823699e-001 -9.7201298e+000
  8.0790165e+000  4.3667300e+000
 -3.0468957e+000  9.6487670e+000
  5.0671290e+000  1.0608951e+001
  9.5434207e+000 -4.5795655e+000
  3.7130150e+000 -1.0227917e+001
  4.4876776e+000  7.1141571e+000
 -4.1985495e+000 -9.4492619e+000
  2.5935522e+000 -9.8236145e+000
  8.7925720e+000 -4.3586433e+000
 -1.7540380e+000  1.2022145e+001
  4.8986308e+000  8.7233681e+000
  1.6589648e+000 -9.8569197e+000
 -2.5646417e+000 -8.0435325e+000
  6.5969316e+000 -8.3223034e+000
  1.8556605e+000  1.1476596e+001
  1.5955373e-001  8.6464476e+000
 -2.2182038e+000  1.0470167e+001
  7.5297185e+000  8.4021409e+000
 -4.6183300e+000  7.8037873e+000
  9.3101859e+000  4.8454958e+000
  3.7137201e-001  1.0029904e+001
 -3.8822703e+000 -8.3046909e+000
  7.5817367e+000  6.5860077e+000
  3.1795150e+000  8.2723421e+000
 -4.7961664e+000 -9.9855548e+000
  5.5127341e+000  9.0823970e+000
  9.6612418e+000 -5.1847808e+000
  7.6780249e+000 -6.3831859e+000
 -2.4066617e+000  1.0693062e+001
  3.5505180e+000 -9.5703324e+000
  8.2233545e+000  5.4262698e+000
 -6.0086284e+000  8.2233025e+000
 -4.0135266e-001 -1.1446143e+001
  8.5992561e+000  7.1584880e+000
  1.0370254e+001  3.6443819e+000
  1.0296941e+000 -9.4961731e+000
  2.3769825e+000 -9.7494192e+000
 -1.6992265e+000 -8.7931687e+000
  1.0446223e+001 -3.4627281e-001
  2.2073413e+000 -1.0457152e+001
  8.1863800e+000 -5.6823712e+000
  9.4650756e+000  1.4709944e+000
  9.5654110e+000  4.3759472e+000
  5.0575073e-001 -1.0581337e+001
 -5.4696364e-001 -9.4534652e+000
 -2.0787935e+000 -9.6289722e+000
  1.1279446e+001  1.4235105e+000
  7.0610701e+000 -6.7100698e+000
  3.1647180e+000 -1.0505595e+001
  2.8854634e+000 -9.0612900e+000
  2.8465008e+000  9.3638815e+000
  4.6224248e-001 -9.7729596e+000
  9.2389167e+000  4.3803262e+000
 -1.6676840e+000 -1.1607454e+001
  7.6882634e+000 -5.4408754e+000
  5.3069495e+000 -8.3544476e+000
 -5.1624907e+000 -1.0579165e+001
  8.6620633e+000 -3.3704687e+000
 -1.0894926e-001 -9.4270173e+000
  8.9386916e+000 -2.5034040e+000
  2.0494828e+000 -9.6820873e+000
  9.2632587e+000 -3.3818508e+000
  1.0006937e+001 -7.1040491e-001
 -2.7382386e+000  7.7901453e+000
 -1.4992078e+000  8.3739635e+000
  7.6074680e+000  4.9718706e+000
  1.0057930e+001 -2.4639836e+000
  9.3776480e+000 -6.6586135e-001
  6.7108518e+000 -7.7855413e+000
  2.9422299e+000  9.3610793e+000
 -2.4189079e+000 -1.1852052e+001
  3.1136235e+000 -9.0490924e+000
 -1.2280396e+000 -1.2588506e+001
 -2.1089899e+000  9.2109042e+000
  7.1578229e+000  5.5399862e+000
  8.4231590e+000  5.9072838e+000
  9.8281687e+000 -3.4174217e+000
 -3.3036916e+000 -1.0601541e+001
  5.2813764e+000 -9.9221120e+000
 -1.5138630e+000 -8.3732518e+000
  1.0367136e+001 -1.5344308e+000
  9.3247580e+000 -6.5829981e+000
  9.7647263e+000 -8.2857949e-002
  1.0400507e+000 -1.0385796e+001
  7.4510295e+000  9.0263820e+000
  6.0810390e+000 -9.2595758e+000
  9.3750513e-001  1.0462610e+001
  9.9816297e+000  3.0215418e+000
 -4.7930665e-001  1.1325427e+001
  5.0583705e+000  7.5752190e+000
  7.2304518e+000 -7.7863912e+000
 -1.7280751e+000  8.4768881e+000
  8.3216780e+000  7.6377269e+000
 -5.6271342e+000 -7.4554748e+000
  3.0867464e+000 -1.1118801e+001
  5.7613986e+000  6.7878561e+000
  1.1365654e+001  5.0641347e+000
  4.1924444e+000 -8.7796879e+000
  4.3926545e+000 -8.5441950e+000
  3.3781237e+000  8.4292973e+000
  4.9874878e+000 -7.7999294e+000
  1.0129079e+001  2.2695738e+000
  9.6428399e+000 -1.8143907e+000
  3.4570754e+000 -9.4021005e+000
  1.1234316e+001  3.5497085e-001
  3.6734797e+000  9.0721073e+000
 -1.5426526e+000 -9.8615988e+000
  8.5585283e+000 -6.9184757e+000
 -5.7638410e+000  9.2977319e+000
  9.4473797e+000 -8.7801653e-001
  9.8781837e+000 -1.5523952e+000
  1.2908897e+000  1.0867812e+001
  1.0315239e+001  2.8778657e+000
  4.9973654e+000 -8.6351265e+000
  7.5551401e+000  8.0682435e+000
  3.3738701e+000 -9.5341537e+000
  2.0747633e+000  8.2527941e+000
  7.4620797e+000  6.0232612e+000
  1.0876209e+001  3.0007782e+000
 -2.9502694e+000  8.8917407e+000
  1.0000907e+001  1.7394435e+000
  3.4183383e+000 -8.9808758e+000
  3.1887883e+000  7.7106487e+000
  2.8660337e+000  9.7987250e+000
  8.7401518e+000  2.1247550e+000
  9.7935542e+000  1.9943744e+000
  9.2191359e+000 -6.3529401e+000
 -3.0367606e+000  8.3087857e+000
  5.5968976e+000  7.0228055e+000
 -5.6468571e+000 -9.0602856e+000
  8.5318859e+000 -1.9644006e+000
  6.5081988e+000 -7.2980299e+000
  3.6836350e+000  8.4224300e+000
 -3.6444023e+000 -7.4470669e+000
  2.1682496e+000 -8.4635204e+000
  9.5788242e+000 -1.3644394e+000
  4.8742551e+000 -6.7630619e+000
  6.5054941e+000  6.8850661e+000
  4.6032155e+000 -8.4668490e+000
 -2.9513126e+000  8.5468139e+000
  6.6376896e+000  6.3409791e+000
  9.5547762e+000 -3.9562005e+000
  3.5437093e+000 -8.1668363e+000
  2.6169929e+000  8.8601603e+000
  3.9378108e+000 -9.5847432e+000
  8.8996609e+000  5.1467829e+000
  9.0691665e+000 -7.8995468e-001
  7.8559800e+000  7.0571697e+000
  3.9282000e+000 -8.9364450e+000
  6.7080837e+000  7.5593087e+000
  8.5881107e+000 -4.2262711e+000
  2.4933029e+000 -1.0014920e+001
  1.0756769e+001  2.5707260e+000
  8.0970791e+000  6.2021692e+000
  5.9833446e+000 -6.2851549e+000
  1.0584094e+001  3.8542166e+000
 -2.2048968e+000 -1.0004506e+001
 -1.0927427e+000 -9.4491725e+000
  5.6030917e+000  8.4934176e+000
 -1.5983453e+000 -1.1278993e+001
  3.6046745e+000 -1.0031308e+001
  7.3059377e+000  4.3322796e+000
 -3.1156426e+000 -8.9550357e+000
  8.9997194e+000  4.2066176e+000
  9.8621587e+000 -1.9685965e+000
  6.6830647e+000 -8.1949914e+000
  7.9073823e+000  5.7952838e+000
 -2.9697358e+000 -7.9347274e+000
  5.6505656e+000  1.1262174e+001
 -3.9724751e+000  9.6386819e+000
  9.8969713e+000 -7.6179703e+000
 -2.1160427e+000  9.3886222e+000
  9.4533039e+000  5.0439739e+000
  1.0951425e+001 -2.8900700e+000
  8.9358219e+000 -4.9494384e+000
  8.7680376e+000  3.0572349e+000
  9.9541130e+000 -1.6133163e+000
  2.1881041e+000  9.1809711e+000
  1.0207907e+001 -1.7195576e+000
  3.4752142e+000 -8.4216639e+000
  3.5304535e+000  9.9244464e+000
  7.7375463e+000 -8.2003957e+000
  9.6902336e+000 -2.3093702e-002
 -4.6987978e+000  1.0788130e+001
  9.1582526e+000  9.0804268e-001
  7.5746146e+000  6.1145951e+000
  3.1335452e-001 -9.8164026e+000
  8.2026725e+000 -8.5514474e+000
  9.3172814e+000  5.7620833e+000
  5.0384724e-001  1.1208847e+001
  1.4081086e+000  8.9212879e+000
  3.6244885e+000  1.0507200e+001
  6.4520260e+000 -9.5729821e+000
 -9.5600970e-001  8.6259807e+000
  9.8432466e+000  1.7377954e+000
 -1.0150489e+000 -9.1593953e+000
  4.5263570e+000  6.8763500e+000
  1.6799079e+000 -8.5465299e+000
  2.1402205e+000 -1.1248490e+001
 -2.9015769e+000  1.0098561e+001
  1.4789817e+000 -9.8231156e+000
  5.3956458e+000  7.0966706e+000
  1.0587065e+001  2.2510077e+000
  7.0556461e+000 -7.0720146e+000
  4.8145160e+000  9.5924949e+000
  8.6116509e+000  4.3585318e+000
  8.4614519e+000 -2.5735926e+000
  5.1286215e+000 -8.5390586e+000
  2.6754674e+000 -7.6434836e+000
  9.7290585e-001  9.0464069e+000
  9.7938594e+000 -1.9823416e+000
  5.6588403e+000 -1.0685637e+001
 -2.1520491e+000  8.7971206e+000
  8.8587642e+000 -2.5510895e+000
 -4.7212317e-001  9.5956238e+000
 -9.0980437e-001  1.1067676e+001
  5.2486463e+000  7.5602601e+000
 -5.2751907e+000 -8.5187127e+000
  1.5358309e+000  1.0743107e+001
  6.2539864e+000  7.5771108e+000
  1.9872962e+000 -1.0058992e+001
  1.3195713e-001 -1.1352116e+001
  1.7483793e+000 -8.6404704e+000
  7.4971455e+000  1.8306408e+000
  1.1325551e+001  1.0514287e+000
  7.5557537e-001 -9.6910217e+000
 -2.7755054e+000  1.0094439e+001
  8.6624082e+000  1.0148104e+000
 -2.1489882e+000 -8.9209891e+000
 -3.9559271e+000 -8.9014246e+000
  6.9277005e-001 -1.0294670e+001
  2.7121916e+000 -8.8322947e+000
 -8.1708178e-001  1.0817709e+001
  2.0194172e+000  9.0507520e+000
 -3.0976063e+000 -8.2867425e+000
  9.8980989e+000 -2.2495265e+000
  8.0194863e+000  3.8749159e+000
  8.3189588e+000  5.0862549e+000
  9.0150457e+000 -5.5313027e+000
 -1.2572450e+000  1.0919137e+001
  6.7293796e+000  7.9895149e+000
 -1.6187799e+000  8.4764664e+000
  8.8982176e+000 -2.2066695e+000
  8.1526909e+000 -3.9275381e+000
  3.5077000e+000  7.8601482e+000
  3.3267233e+000 -9.7225711e+000
  8.4863492e+000 -2.3959766e+000
  3.8636001e+000 -9.4185257e+000
 -1.5175723e+000  9.9724746e+000
 -1.3025150e+000  9.9934214e+000
  7.1584208e+000  7.4771827e+000
  6.1475001e+000 -7.6020323e+000
  8.8968132e+000 -1.4596771e+000
  5.8413324e+000  9.2466787e+000
  6.9196844e+000  7.3910983e+000
  8.3342338e+000 -1.3050571e+000
  5.0193322e+000  7.2151159e+000
  5.6565986e-001  1.0426630e+001
 -2.9302929e-001 -9.8046075e+000
  1.6105006e+000  9.2240414e+000
  7.4399233e+000  4.8726138e+000
  8.2095785e+000  4.4337382e+000
  2.9695660e+000 -8.9567195e+000
  8.1039568e+000  4.9839482e+000
  7.1705028e+000  9.8896942e+000
  8.5168901e+000  4.9991184e+000
  9.8350721e+000  2.8894962e+000
 -4.9142839e+000  9.6777882e+000
 -5.5701049e-001 -9.3936590e+000
  8.6008524e+000 -6.1784022e+000
  3.6177630e+000  9.7226558e+000
  9.3772333e+000  4.3215164e+000
  8.0532156e+000  4.7393121e+000
  8.5332033e+000 -4.4142034e+000
  1.0405737e+000  9.1350835e+000
 -4.4546883e+000 -9.7718419e+000
  8.9836989e+000  4.7903005e+000
  4.7981415e+000  8.7182909e+000
  9.5265670e+000  7.8791389e+000
  9.1389853e+000 -5.6389099e+000
  1.0708709e+001 -1.8053618e+000
  4.5617438e+000  8.7422216e+000
  8.2433533e-001 -8.6621721e+000
  1.6900875e+000 -9.8114342e+000
  8.4156653e+000  4.4926797e+000
  4.6295212e+000 -7.9557206e+000
  9.7777503e+000 -1.7638281e+000
  9.1363285e-001 -8.1444748e+000
  6.7471658e+000 -7.3652198e+000
  1.0151772e+001  2.1614161e+000
  7.0530723e+000  5.7090355e+000
  1.0968663e+001  2.5425940e+000
 -9.5336989e-001  1.0466997e+001
  8.2555964e+000  9.7706721e-001
  9.8892966e+000 -1.5967418e+000
 -2.5214556e-001 -9.0291609e+000
  6.7178641e+000 -8.6018182e+000
  8.4939044e+000  5.1753155e+000
  6.6815044e+000 -8.6495998e+000
  1.0450996e+001 -5.7094794e+000
 -3.2062091e-001 -1.0091072e+001
  5.6020468e+000  1.0040692e+001
  2.9994903e+000  9.0232473e+000
  1.0254255e+001  9.0502424e-001
 -2.0919053e+000  9.2951226e+000
 -2.6019893e+000 -1.0593046e+001
  6.1719313e+000 -9.9281054e+000
 -3.8741621e+000  8.7613599e+000
  4.1192707e+000  9.4969273e+000
  6.2889380e+000 -7.0414360e+000
  6.2810993e+000 -7.6952199e+000
  1.0148824e+001  5.2213515e+000
  4.2186956e+000  8.5714210e+000
  7.6533624e+000 -5.7749342e+000
  1.1230523e+001  4.8690631e+000
  8.7881944e+000 -1.5357388e+000
  1.0528349e+001 -3.2081400e+000
  3.1664705e+000 -8.6477025e+000
  1.0206615e+001  2.2816618e+000
 -4.3273822e+000 -1.0833188e+001
  4.4047742e+000 -9.5039534e+000
  9.5641749e+000  4.0461952e+000
  2.4111560e+000 -9.5953523e+000
  4.9363505e+000 -1.0102525e+001
  7.2300018e+000 -7.4979989e+000
  3.5617487e+000  9.7477860e+000
  9.6715808e+000 -6.3042279e+000
  6.4205533e+000 -6.4486132e+000
  1.0825610e+001  6.1715026e-001
  1.0549037e+001 -1.1801811e+000
  9.3215327e+000  4.6424236e+000
 -2.6788485e+000 -9.8957192e+000
  3.6024836e+000 -9.6557775e+000
  9.2399403e+000  5.6391695e+000
  7.4589207e+000 -4.6053337e+000
  5.8535530e+000 -9.1574071e+000
 -1.4591286e+000 -9.0412455e+000
 -2.4989620e+000  7.9840357e+000
 -7.7752308e-001  1.1655217e+001
  8.3082447e+000 -5.6726062e+000
  5.4084971e+000 -6.5393421e+000
  7.8783794e+000  3.3055456e+000
  8.8765325e+000 -3.7714608e+000
  8.5619147e+000  4.1478534e+000
 -1.8501635e-001  9.5707594e+000
 -4.1133805e+000 -9.4127225e+000
  9.3065738e+000  2.0457502e-001
 -1.1677258e+000 -1.0739850e+001
  1.9176517e-001 -8.1804681e+000
  1.1597309e+001 -4.8816382e+000
  2.9919704e+000  7.8949047e+000
  6.9170235e+000  7.5683402e+000
  6.3906476e+000 -9.1806258e+000
  6.5106375e+000 -7.2166489e+000
  2.0479487e+000 -1.0572975e+001
  2.6423819e+000 -9.4798764e+000
  6.8060419e+000 -6.8549986e+000
  1.6517117e+000 -1.0144366e+001
  1.0058407e+000 -9.5163028e+000
  1.0101810e+001 -2.4520783e-001
 -1.9594354e+000  1.0576691e+001
  1.7743767e+000 -8.4783296e+000
  9.9479235e+000 -3.4379050e+000
  7.7505647e+000  6.0106270e+000
  5.2574457e+000  9.6014755e+000
  4.9861356e+000 -9.0915388e+000
 -2.8891390e+000  1.0790195e+001
  1.0136474e+001  3.1275757e+000
  2.6375707e+000  1.0673532e+001
  6.8869567e+000  5.7063445e+000
  8.3936762e+000 -6.5535254e-002
 -4.1468802e+000 -1.0351046e+001
  3.0375761e+000  7.9863600e+000
  5.3360412e+000  5.4787442e+000
  9.4238808e+000 -2.5672645e+000
  2.5374209e+000  1.0236519e+001
  7.6281487e+000 -7.4568810e+000
  8.4117516e-001  1.0781839e+001
  9.3768425e+000  7.2902841e+000
  6.4994974e+000  8.5341169e+000
  7.1766828e+000 -6.2543561e+000
  8.7613844e+000  6.7135346e+000
  8.8813333e-001 -8.4041637e+000
  5.0136821e+000  8.3824351e+000
  9.7709041e+000 -2.3589379e+000
 -7.4844560e-001  9.3507622e+000
  6.4719646e+000 -7.0289479e+000
 -6.4853710e+000 -8.8268023e+000
  5.3485289e-001 -1.0643494e+001
  1.0273463e+001 -6.0349375e+000
  9.6089770e+000  1.7127716e+000
  8.7513024e+000  4.4477142e+000
  3.7671400e+000  9.5055701e+000
 -5.4181900e+000  8.4070858e+000
  2.1961461e+000 -8.4001932e+000
  9.4529936e+000  3.1189443e+000
  4.4840116e+000  1.0238957e+001
  9.9561078e+000 -3.4732583e+000
  3.7121379e+000 -9.0172972e+000
  6.8966273e+000 -5.4229160e+000
  8.9699629e-001 -8.1835626e+000
  1.4054715e+000 -9.0203165e+000
  2.6806799e+000 -8.5720364e+000
  8.6182583e+000 -5.0725217e+000
  4.8149902e+000 -8.4034602e+000
 -9.2406942e-001 -1.1069978e+001
  2.0286909e-002  8.8822377e+000
  6.4221896e+000 -8.3347617e+000
  2.9655748e+000  1.0201269e+001
  9.9739827e+000 -3.6092318e+000
 -2.2228626e+000  1.1790281e+001
 -4.8605945e+000 -8.4621621e+000
  9.4589462e+000 -3.1073565e+000
 -2.9557873e+000  9.4565554e+000
  1.7136150e+000 -1.0826962e+001
  7.0640149e+000 -2.9974751e+000
  1.5621452e+000  9.1855043e+000
  1.2130771e+000 -1.0297234e+001
