  7.2677240e-001 -9.0807891e+000
  8.3990197e+000 -3.5262948e+000
 -1.0448205e-001 -1.0375083e+001
  1.2169019e+001 -2.0323212e+000
  2.5104410e+000  8.6338728e+000
  1.1288105e+001 -4.5986429e+000
  4.8305612e+000 -1.0422436e+001
  8.6995257e+000 -4.2608848e+000
  5.1333407e+000  8.0453415e+000
  8.0677465e+000  6.6391293e+000
 -3.1134964e+000  1.1591561e+001
  1.5636921e+000  8.9846061e+000
  1.0906382e+001 -1.5892819e+000
  9.0251539e+000  4.5866527e+000
 -4.1271322e+000 -9.9226360e+000
  1.0117955e+001  2.7244069e+000
  1.2475208e+001 -3.7469523e+000
  4.4505425e-001  1.1095782e+001
  1.3010678e+000  1.0681124e+001
  7.8525121e+000 -9.7299462e-001
  2.8036847e+000  9.9538348e+000
  7.4835656e+000  5.7240348e+000
 -4.8046959e+000 -7.3139790e+000
  1.1507573e+000 -9.8783291e+000
  8.4060262e+000 -7.9731352e-001
 -3.8730526e+000 -9.7172673e+000
  3.4565654e+000 -7.6556979e+000
  6.7674228e+000 -6.5336591e+000
 -6.5186537e-001  9.7195133e+000
  8.5446955e+000 -6.5480653e+000
  5.5205886e+000 -8.7105743e+000
  1.0269371e+001 -2.3977466e+000
  2.4864106e+000  9.7530176e+000
  3.4455724e+000 -9.1758587e+000
  8.6777005e+000  1.7001845e+000
  9.7773391e+000 -2.3999296e+000
  7.5823536e+000 -6.0093613e+000
  1.1172731e+001 -5.2300031e+000
  4.2101828e-001  9.6421744e+000
  4.6622802e+000  8.8251808e+000
 -5.3782011e-003  9.7223650e+000
  7.7825908e+000 -2.3576694e+000
  7.8989906e-001  8.0886541e+000
  9.2251219e-003 -1.1059215e+001
 -1.1884860e+000 -9.1337046e+000
  9.2203278e+000 -3.5122351e+000
  8.4489247e+000 -6.2934172e+000
  9.9419367e+000 -1.1530026e+000
 -1.9198538e+000  1.0012785e+001
  9.1958426e+000 -6.2386085e+000
  4.7414490e+000 -7.4076873e+000
  9.0467874e+000  2.7268735e+000
  1.0033834e+001  5.8156066e-001
  2.0357406e+000 -1.1641814e+001
  8.7607589e+000 -1.5768681e+000
  7.2627009e+000  1.0235455e+000
  7.9331724e-001  1.0212884e+001
  5.0512378e+000  9.1124674e+000
  1.1471659e-001  1.0279997e+001
  1.0396847e+001  3.8074136e+000
  1.0818147e+001  3.2524435e+000
  9.6646199e+000  2.7071458e+000
 -1.0426091e+000 -8.8614591e+000
  1.3598486e+000 -9.7665724e+000
  8.3499285e+000 -2.9542898e+000
  8.6434881e+000  1.8521358e+000
  6.2901361e+000 -9.4886393e+000
  4.5780833e+000  8.0052287e+000
  1.0988857e+001 -6.4613531e+000
 -4.4315502e+000 -9.0983808e+000
  9.9517565e+000  2.0021383e+000
  1.1226267e+001  3.6119724e+000
  5.2610217e+000 -1.0080892e+001
 -2.3136183e+000 -8.6186256e+000
 -3.9465022e+000  9.6494376e+000
  5.1230979e+000 -9.4835349e+000
  3.7483933e+000 -9.3462903e+000
 -3.4449651e+000 -7.9176619e+000
  9.8496881e+000  3.9056684e+000
  8.3978359e+000  1.6173034e+000
 -7.4817381e-002 -9.5285438e+000
  9.3772152e+000  5.9219847e+000
  1.0208375e+001 -2.7975352e+000
 -1.1729361e+000 -9.0967233e+000
  9.2394987e+000 -5.7415600e+000
  5.4219148e+000 -8.8279048e+000
 -3.4918562e+000  1.0926161e+001
  7.6445846e+000  6.1034084e+000
 -1.5867367e+000  1.1487585e+001
  6.8089412e+000  6.2116991e+000
  3.2515095e+000  1.0270191e+001
  9.4056601e+000 -3.3488282e+000
 -4.6181811e+000  9.4453862e+000
 -5.7948993e-001 -9.3440273e+000
  9.9727646e+000  9.9226932e-001
  9.8013391e+000  3.4601070e+000
  6.6393974e+000 -6.4520704e+000
  8.0486962e+000 -5.5143596e+000
 -3.5544660e+000 -1.0806792e+001
  9.7765381e+000  2.9703363e-001
  1.1118160e+000  1.0009947e+001
  2.4776960e+000 -1.0831550e+001
  1.6973297e+000 -1.0465876e+001
 -3.3247427e+000 -8.5221025e+000
  1.9668806e+000  8.8765170e+000
  2.0587112e+000 -9.6671255e+000
  1.1453363e+000  9.3735653e+000
  8.9307264e+000 -6.1544194e-001
 -3.5313050e+000  1.0464093e+001
  6.2919344e-002 -9.1308214e+000
 -9.1100266e-001 -8.7790494e+000
  9.0765925e+000 -4.6413386e+000
  1.1331751e+001 -3.6298318e+000
  9.0397409e+000 -4.0033177e+000
  9.1846889e+000 -2.4589996e+000
  1.0145336e+001 -4.9309137e+000
 -1.4247845e+000  9.1594605e+000
  7.2029974e+000  5.7407348e+000
 -4.3348301e+000  1.0810507e+001
  1.3340601e+000 -9.7583307e+000
  4.6302311e+000  7.0084391e+000
  1.0055500e+001 -5.5458938e+000
  8.9694388e+000 -2.2510473e+000
 -3.3760346e+000 -8.8199800e+000
  9.6118049e+000  4.0813664e+000
  5.6261879e+000 -3.7383458e+000
  4.3831945e+000  9.3489929e+000
  4.1638976e+000  9.1998309e+000
  8.4153628e+000 -4.2248961e+000
  2.4816881e+000 -7.9157077e+000
  6.9439326e+000 -5.7091342e+000
 -3.2348905e+000  9.3169156e+000
  1.0723708e+001 -1.5559392e+000
  7.9450948e+000 -6.0351762e+000
  5.6206337e+000  8.8910255e+000
  8.3969101e+000 -5.6072376e+000
 -1.0548693e+000  8.8355773e+000
  1.0171698e+000 -9.5064464e+000
  1.0141012e+001 -6.8420840e+000
 -1.6294559e+000  9.8907239e+000
  8.1611410e+000  1.6047547e+000
 -4.2372476e+000 -9.9281985e+000
  5.7854578e+000  7.5798386e+000
 -4.7088767e+000 -9.3471594e+000
  9.4137718e+000  4.1500303e+000
 -3.8089532e+000  9.0916473e+000
  9.0964150e+000 -5.1749915e+000
  5.4476055e+000  9.0613587e+000
  7.2048483e+000  7.9809512e+000
 -3.2750153e+000  8.8735562e+000
  3.5913340e+000 -8.6925818e+000
  8.4501877e+000  3.6037594e+000
 -3.7745921e+000  1.0990911e+001
  6.7977808e+000 -9.4757411e+000
  7.8962006e+000 -4.8207190e-001
  8.4469494e+000  6.3138246e+000
  9.1360494e+000 -3.2674949e+000
  9.4299799e+000 -4.8107631e-001
  3.8197747e+000  9.5056526e+000
  1.5016044e-001 -8.2705057e+000
 -2.8869421e+000 -9.9547567e+000
  1.0348629e+001 -5.9986410e+000
  6.4265929e+000  9.5563562e+000
 -3.4456289e+000  9.1549995e+000
  9.9574638e+000 -3.2900510e+000
  8.0903533e-001 -9.5296201e+000
  8.4081253e+000 -1.7607593e+000
 -2.2140739e+000  9.2866065e+000
  9.4780659e+000 -6.0050428e+000
  7.4578712e+000 -6.8690438e+000
  4.1148217e+000  9.9181438e+000
  6.9084835e+000 -6.8878263e+000
  1.5392911e+000 -1.0323602e+001
  6.9204688e+000  5.9728729e+000
  6.2702202e+000 -6.2446260e+000
  9.5238722e+000 -1.4578615e+000
  1.8706362e-001  8.4176441e+000
  1.1884418e+000  1.0576733e+001
  7.0997472e+000  7.5221097e+000
  5.9247378e+000  8.5269913e+000
 -3.4787641e+000  9.6959515e+000
  8.2540410e+000 -4.5748922e+000
  1.9639288e+000 -1.0179871e+001
  5.8620672e+000  6.4698477e+000
 -1.7949774e+000  1.0083994e+001
  1.0651349e+000 -9.9657337e+000
 -3.4582943e+000 -1.2036630e+001
  1.0592052e+001 -3.4240989e+000
 -9.1298392e-001 -9.1826699e+000
  7.4790313e+000  5.1106328e+000
 -3.5944367e+000  9.3124193e+000
  1.0961619e+001 -2.9228033e+000
  9.1805771e+000  1.4190993e+000
 -2.7765834e+000 -1.0701991e+001
  1.1813486e+001  1.2220166e+000
  7.7692847e+000 -2.6553585e+000
  6.7238631e+000 -9.8056386e+000
  5.6888700e+000 -6.2555134e+000
  5.0637359e+000  8.5812784e+000
  1.2870822e-001 -9.6204887e+000
 -1.5384122e+000 -8.7846122e+000
  7.3038842e+000  8.3957590e+000
  3.4935687e+000  1.0098615e+001
  9.0858461e+000  5.2903376e+000
  2.2671399e+000  8.5031142e+000
  8.0409796e+000 -4.6860347e+000
  8.7165961e+000 -7.2044603e+000
  7.6035193e+000 -6.1066210e+000
  6.0816733e+000  7.5502772e+000
  1.8963808e+000 -1.1520579e+001
  2.8027145e+000  1.0349129e+001
  1.0192276e+001 -1.1537744e+000
  6.7512075e+000  8.6872330e+000
 -4.4087131e+000  9.9406472e+000
  8.0613463e+000 -6.1078745e+000
  5.3047553e+000  7.7794852e+000
  7.8040770e+000  5.7684823e+000
  5.5332803e+000  7.5726840e+000
 -4.7753091e+000 -7.7506137e+000
  8.2046532e+000  6.4095775e+000
 -7.2651376e-001  9.5155874e+000
  9.4677730e+000  5.7189501e+000
  4.5768185e+000  8.8629540e+000
 -5.9640227e+000 -7.2970186e+000
  2.6312113e+000  8.2884431e+000
  6.4111451e+000  5.3617747e+000
  3.1389093e+000 -1.0151569e+001
  9.3773232e+000 -1.0807184e+000
  3.2214780e+000 -9.9930802e+000
  9.8233778e+000  1.8596157e+000
 -2.4987471e+000 -1.0073959e+001
  1.0077984e+001  4.3533510e+000
  9.2268278e+000 -3.9700477e+000
  2.9811952e+000 -9.0306439e+000
 -1.6697995e+000 -1.0091618e+001
 -2.0239408e+000 -1.0879057e+001
  5.2704953e+000 -6.0216086e+000
 -2.1375603e+000  9.9800244e+000
 -4.2486818e+000  8.0212188e+000
  9.5498093e+000  2.5467824e+000
 -5.3928857e+000  8.8558148e+000
  7.9397701e+000  6.7910410e+000
  2.9128090e+000 -9.4388394e+000
  2.6526839e+000  1.0138914e+001
 -1.5768762e+000  1.0714715e+001
 -2.9682192e-001 -1.0349205e+001
  5.1872734e+000  8.4651459e+000
  6.2129936e+000 -7.1866986e+000
  7.0510433e+000  6.8038038e+000
  1.1642477e+001 -2.0398315e+000
 -2.7076708e+000  1.0344804e+001
  4.4768279e+000 -1.0633219e+001
  8.4078732e+000  8.4117423e+000
  7.8023439e+000 -6.6693495e+000
  9.4568485e+000 -2.5767541e-001
  1.1117263e+001 -5.0778464e-002
  6.3926431e+000  8.3688193e+000
  5.1938976e+000 -9.9822688e+000
  6.1082512e+000  7.6220698e+000
 -9.1232572e-001  9.7026935e+000
  8.2299528e+000 -3.2582843e+000
  9.6653217e+000 -2.9434570e+000
 -4.7268181e+000  9.5339907e+000
  4.0472232e-001  1.1953792e+001
  7.0976827e+000  9.3515257e+000
  7.4642457e+000 -5.0348840e+000
  1.9757278e+000  1.0955975e+001
 -2.8179727e+000  8.3199525e+000
  6.0320842e+000 -9.1777748e+000
 -4.4541437e+000  7.9398909e+000
  1.0937862e+001 -1.7489786e+000
 -4.7427956e+000 -8.8526129e+000
  7.1270958e+000 -7.7331882e+000
  6.2545975e+000  7.0355805e+000
  9.9523823e+000  9.7223252e-001
 -3.2781792e+000 -8.8233731e+000
  1.8500559e+000 -9.6812549e+000
 -4.3875104e+000  9.6127848e+000
  6.7943113e+000 -3.7612944e+000
 -1.0939646e+000 -1.0201888e+001
 -4.5640446e+000 -1.1816471e+001
  8.0135496e+000  6.6227669e+000
  4.0702726e+000  5.3456229e+000
 -3.2622710e+000 -8.9794943e+000
 -1.3598906e+000 -1.0037494e+001
  8.9720150e-002  9.6587461e+000
  7.8321665e+000  8.2624337e+000
  1.0032922e+001  3.9972089e+000
  8.4117096e+000  8.2863793e+000
 -4.5054270e+000  9.8236180e+000
  1.0812580e+001  2.5275929e+000
  3.3649057e+000  9.0231935e+000
  9.3743442e+000  5.4514861e+000
 -3.6857705e+000  9.4664407e+000
 -3.3967919e+000 -1.1628153e+001
 -4.5888800e+000  9.3020046e+000
  4.2977034e+000 -8.9615600e+000
  1.8503182e-001  9.3893721e+000
  8.6779925e+000  6.3309047e+000
  9.4556325e+000 -2.2373459e+000
 -3.4901630e+000 -9.6309843e+000
  9.0052498e+000 -1.8006996e+000
  2.3205538e+000  9.8286451e+000
  7.8202665e+000 -8.8390240e+000
  7.9341849e+000  7.7759662e+000
  5.1159367e+000 -7.9504350e+000
  7.6893475e+000  6.9357907e+000
  6.6605010e+000  8.0103923e+000
  7.8154129e+000  7.9327634e+000
  7.4232201e+000  5.7519069e+000
 -3.4544480e+000  9.0017508e+000
 -3.4571696e-002 -9.1743865e+000
  2.6543356e+000 -1.0945054e+001
  3.4886710e+000  9.9490440e+000
 -2.5265543e+000 -1.0819184e+001
  1.0627806e+001  1.8140751e+000
  1.8470124e+000 -1.0308936e+001
  1.1003798e+001  4.6839467e+000
  6.4108738e+000 -8.4527823e+000
  1.1840649e+000 -9.8193071e+000
  9.3047187e+000  4.3036157e-001
 -1.9589743e+000  9.7636732e+000
  8.2408575e+000  6.3328519e+000
 -2.8568464e+000 -8.2246912e+000
 -1.8939091e+000  8.8226626e+000
  1.2421393e+000 -1.1823624e+001
  4.2602001e+000  7.5573305e+000
  8.9150005e+000  3.6371189e+000
  1.8934702e+000  7.8055802e+000
 -1.0963059e+000 -1.0235318e+001
  9.5536781e+000  6.5021655e+000
 -1.5855079e+000 -8.5081699e+000
  1.0624358e+001 -5.4244791e-001
  7.9282308e+000  6.2697057e+000
  8.6204780e-001 -1.1370618e+001
  1.1582831e+001 -2.7853765e-001
 -2.9088306e+000 -9.9190806e+000
  1.2839611e+001  6.1472885e+000
  9.2257734e+000  2.6640599e+000
  6.3955332e+000 -9.1194661e+000
  4.8847717e+000 -9.4287818e+000
 -4.8969619e+000 -7.5359835e+000
  8.5260470e+000 -5.3324461e+000
  5.5095710e+000  9.1277912e+000
  9.1758071e+000  5.4325697e+000
  1.1364290e+001 -3.1567035e+000
  3.3074899e+000 -9.3230705e+000
  9.3344834e+000  1.7079548e+000
  6.2088716e+000  8.7046240e+000
  7.4143411e-001  9.8312019e+000
  5.2193859e+000  8.9289112e+000
 -4.0246950e+000  8.5406971e+000
  2.0851536e-001  9.9152419e+000
  1.0618814e+001 -1.4125969e+000
  3.9518478e-001  9.7871064e+000
 -4.2767642e+000 -9.2646805e+000
  8.7192487e+000  6.2302379e+000
 -8.6766054e-001  9.3954715e+000
 -4.1001100e+000 -9.4305002e+000
  6.5467778e+000 -6.4370373e+000
  8.9603173e+000  7.7310174e+000
  8.3823184e+000  2.4697576e+000
 -3.6358723e+000 -7.2838948e+000
 -1.6609160e+000  1.1645519e+001
  9.0210901e+000 -1.5452545e+000
 -7.2923553e-001  1.0174545e+001
  2.4256150e+000  9.3543288e+000
  6.1211520e+000  6.1437903e+000
 -5.4743032e+000  9.5930506e+000
  1.6852656e+000 -1.0489586e+001
  1.6585666e+000 -9.4968670e+000
  4.7766299e+000  8.7275577e+000
  6.5509063e+000 -6.3284330e+000
  9.8143501e+000 -5.8430178e-001
  1.0078200e+001 -5.8529596e+000
 -4.4346273e+000 -8.6868281e+000
  7.8614416e+000 -4.8712858e+000
  5.1690605e+000 -8.4264564e+000
 -6.3126001e+000  8.9329442e+000
 -3.6471279e+000  9.8336323e+000
  6.0523915e+000 -4.3944786e+000
  7.2031758e+000 -8.5324921e+000
 -1.7043566e+000 -9.5943427e+000
  4.0198714e+000 -7.5658897e+000
 -1.3364092e+000  8.4619977e+000
  7.5908557e+000 -7.7119142e+000
  1.0436964e+001  3.5179757e+000
  1.2590509e+000 -9.0495340e+000
  5.5573449e+000  8.4980218e+000
  2.5292456e-001 -9.4326089e+000
  7.7723431e+000 -6.2215011e+000
 -1.4800945e+000  9.5619668e+000
  9.9296929e-001  8.9756989e+000
  2.4589158e+000  9.0171015e+000
  7.4508169e+000 -1.0423893e+001
 -9.9798785e-001  1.0217402e+001
  9.0491415e+000  3.9262346e+000
  9.9945967e-002 -9.3378298e+000
  2.7220516e+000 -1.1611225e+001
 -2.3065087e-001  9.0990372e+000
 -2.5106208e+000  9.8756473e+000
  9.5701705e+000  4.5559729e+000
  9.4379555e+000 -6.7220340e+000
  4.1833504e+000 -8.2727633e+000
  9.9671676e+000  5.3446933e-001
  7.8033566e+000  6.4758653e+000
  4.2054281e+000 -7.9016275e+000
  7.9850223e+000 -1.6112340e+000
  8.5739546e+000  1.8744440e+000
 -1.8125599e+000 -1.0576543e+001
  4.0237999e+000  1.0762630e+001
 -4.2582122e+000 -9.0919669e+000
  3.0373360e+000 -8.7701399e+000
  4.8500136e+000  7.9209229e+000
  2.9918541e+000 -9.2546443e+000
  6.0360771e+000 -9.3808572e+000
  7.9318115e+000 -4.1477021e+000
  1.2014951e+001 -1.1435553e+000
  1.0000233e+001  1.8648737e+000
  9.4112721e+000  5.6110339e+000
  9.1883622e+000  7.6537187e+000
 -5.3680121e+000  1.0087376e+001
  9.3951966e+000 -5.2305637e+000
  6.5407632e+000 -7.9654254e+000
  6.5874012e+000  4.6872541e+000
  1.0232092e+001  1.5129029e+000
  4.7374207e+000 -8.1900050e+000
  9.1513959e+000  3.0944571e+000
  6.2980388e-001  1.0045721e+001
 -3.3680898e+000  9.6248749e+000
  9.5143808e+000 -1.6561242e+000
  1.0569360e+001 -5.9265316e+000
 -5.0324462e+000  7.8198193e+000
  8.0687994e+000  4.2013393e+000
 -2.8585581e+000  1.0823792e+001
 -2.7099768e+000  1.0371715e+001
  1.8407828e+000  1.1741915e+001
  8.5797770e+000  5.6043119e+000
  7.0864444e+000 -6.7875339e+000
  8.9000919e+000  2.0745615e+000
  8.3011674e+000  3.1339163e+000
  3.6250021e+000  9.3383861e+000
 -3.6348190e+000 -8.0039858e+000
 -6.4591697e-001 -1.0650412e+001
  7.6151323e-001  1.0051358e+001
  2.1126303e+000 -1.0234927e+001
 -2.0225383e+000 -8.5696799e+000
  6.7756206e+000 -5.0369348e+000
  2.0430025e+000  8.2052705e+000
  5.3052605e+000 -8.2856391e+000
  1.0157901e+001  2.9285934e+000
 -1.4484061e+000  1.1107251e+001
  7.6109386e+000 -4.5066175e+000
  2.1835526e+000 -9.7182258e+000
  9.1141718e+000 -7.7363227e+000
 -4.3665883e+000  8.4409890e+000
  6.3131437e+000  9.7347092e+000
  7.7783670e+000  5.3204260e+000
  4.2275729e+000  9.3717192e+000
  9.6305236e+000 -1.6091166e+000
  3.7727466e+000 -8.7175979e+000
  5.8119693e+000 -7.9610387e+000
  2.4761648e+000  9.8649506e+000
  1.0222416e+001  6.1123914e+000
  9.9503599e+000  5.1094562e+000
  8.8538122e+000  1.5695893e+000
 -1.9536661e+000  9.5893692e+000
  3.9185064e+000  8.6350942e+000
  7.0398609e+000 -4.3228905e+000
  7.2375004e+000  8.1899396e+000
  1.0221725e+001 -3.2820079e+000
  8.6498547e+000  4.5129414e+000
 -1.6862133e+000 -1.0729128e+001
  7.3608698e+000 -7.9547899e+000
  8.7918106e+000  5.8517424e+000
 -2.1903640e+000  1.1230004e+001
 -2.9510668e+000  9.6863912e+000
 -4.1987296e+000 -9.2742707e+000
  7.2254258e-001 -1.0249612e+001
  8.9536868e+000 -4.6417896e+000
 -6.4701399e-001 -9.4857809e+000
  5.8201323e+000 -6.8802323e+000
  7.3406846e+000  8.0704125e+000
 -3.0369507e+000  6.9228436e+000
  1.0536673e+001 -6.1342182e+000
  2.3339589e+000  9.1271366e+000
  2.8225833e+000 -9.8072726e+000
  1.1720918e+000  8.7949550e+000
  5.6476862e+000 -9.4952578e+000
 -2.1517213e+000 -8.8822768e+000
  7.2775307e+000 -6.1419217e+000
  1.1351706e+001  2.4666139e+000
  7.8196815e-001 -1.0459663e+001
  3.2403867e-002  1.0361086e+001
  7.3676120e+000 -4.0765166e+000
  1.0314575e+001  5.8084075e-001
  9.5852647e+000 -1.9494192e+000
  5.4417802e+000 -8.1090941e+000
 -4.5396096e+000  8.0613929e+000
 -4.6701372e+000  8.1967132e+000
 -3.0590110e+000  7.9776751e+000
  8.2542378e+000 -3.2759916e+000
  7.4576933e+000 -5.5137555e+000
 -4.6247860e+000 -8.8595334e+000
  2.0389807e+000 -9.5549219e+000
  2.8682127e+000  9.3352664e+000
  7.0780687e+000  4.7727345e+000
  6.1415760e+000 -6.9422723e+000
 -1.9987802e+000 -9.4432946e+000
  1.0926262e+001 -5.6247964e+000
  6.1356940e+000  8.3944591e+000
  6.0815611e+000 -7.6892933e+000
  2.9230951e+000 -8.7519626e+000
  9.5685061e+000 -3.4028371e+000
 -1.7469029e+000  9.4642321e+000
  8.7304577e+000  3.8688908e+000
 -3.0044442e+000 -8.6892502e+000
  9.6578102e+000 -3.3021249e+000
  6.8440753e+000 -9.9116882e+000
 -2.3607965e+000 -9.8749143e+000
  5.8401173e+000 -7.5635343e+000
 -6.3491155e+000 -8.4572496e+000
  8.8658203e+000 -2.0476706e+000
  5.5345466e+000  5.9580513e+000
  1.8989624e+000  9.3902928e+000
  3.8630313e+000  6.9498474e+000
  2.1579767e+000 -9.7070232e+000
  9.0648296e+000  1.5267284e+000
  1.0530669e+001  2.2282365e+000
 -3.2361389e+000  1.0328671e+001
  7.7938773e+000 -3.5830558e+000
 -4.2906003e+000 -1.0686952e+001
 -3.0530060e+000  9.9364555e+000
 -3.3552093e+000 -1.0680133e+001
  9.1516622e+000  2.2064392e+000
 -9.0029371e-001  8.9223215e+000
 -1.1093215e+000  1.2184073e+001
  8.9256750e+000  4.6480333e+000
  6.4030822e+000  8.5677984e+000
 -3.2084744e+000  8.9939814e+000
  1.0061007e+001 -2.6480998e+000
  2.7210293e+000 -1.0348237e+001
  8.6202627e+000  4.9779982e+000
  7.2797309e+000 -1.1762944e+000
  1.0587706e+001 -6.7066297e+000
  3.1745167e+000  9.8707971e+000
  3.8673239e+000  8.7164261e+000
  8.2596558e+000 -7.1054205e+000
  6.5267471e+000  3.6428544e+000
  3.7996130e+000  9.7610265e+000
 -3.4849875e+000 -1.0317822e+001
  1.5462251e+000  1.0662572e+001
  7.8066320e+000  5.8022222e+000
  3.5938225e+000  8.1454825e+000
 -1.4882687e+000  9.7561072e+000
  9.3306387e+000 -5.0500403e+000
  1.1606331e+001 -2.1884458e+000
 -1.0266603e+000 -9.6303837e+000
 -2.2603881e+000  9.2471103e+000
  7.3428232e+000  7.8147771e+000
  8.9369208e+000  5.3393390e+000
 -4.8883202e+000  9.3434792e+000
  9.2072495e+000  1.8449047e+000
  8.5324219e+000 -4.8058804e+000
  2.2063755e+000  8.6007694e+000
  6.2969203e-001 -8.7019914e+000
  1.0463963e+001  2.8381294e+000
  4.8237980e+000 -9.2672810e+000
  8.3813235e+000 -3.8818729e+000
  7.5468573e+000 -6.5562256e+000
  7.4721778e+000  3.6949146e+000
 -3.0145806e+000  9.3016825e+000
 -6.1388299e+000 -9.5764229e+000
  3.7524835e+000  1.0010938e+001
  7.4207157e+000  7.0145648e+000
 -3.3676099e+000  9.4542419e+000
 -2.4210209e+000 -8.9653080e+000
 -2.9866126e+000 -9.3680902e+000
  4.2808544e+000  7.6534213e+000
  1.0142749e+000  1.0884513e+001
  4.3558190e+000 -1.0092544e+001
  8.3690809e+000  7.9693874e+000
  6.9474468e+000 -7.0834402e+000
 -2.0981040e+000 -9.4426217e+000
 -5.1963143e-001  1.0004525e+001
 -3.0385546e+000 -1.0153104e+001
  6.6242422e+000  8.4154374e+000
  9.8311251e-001 -1.0809903e+001
  1.0175933e+001 -2.2605803e+000
  9.7047973e+000  4.6159517e+000
  9.7095616e+000  4.6574740e+000
  1.1039719e+001  2.5492385e+000
  4.8970574e+000 -9.7455907e+000
  6.4665796e+000  4.9050374e+000
  4.0651737e+000 -9.0760094e+000
  7.2324799e+000  9.4515969e+000
  1.0227906e+001 -1.8313556e+000
  1.0124452e+001 -4.5536817e+000
  9.4561600e+000 -2.4311226e+000
  1.2902965e+000 -1.0824648e+001
 -4.6267563e-001  1.0057671e+001
 -4.2289944e+000 -9.9848575e+000
 -6.5754073e-001  1.0673204e+001
  8.8041766e+000  5.7928320e+000
 -2.1656397e+000 -7.1555956e+000
  8.9021794e+000  6.1146268e+000
  3.2012115e+000  9.0726590e+000
  6.3131651e+000  8.5879804e+000
  2.2331424e+000  9.3897391e+000
  1.1970249e+001  1.9604988e+000
  9.9547053e+000 -1.5292479e+000
  1.0338475e+001 -3.4584332e+000
  8.1395792e+000  4.6183206e+000
 -3.5023852e-001 -8.4668351e+000
  9.9422511e+000  2.9048521e+000
  3.4691713e+000 -8.5122315e+000
  6.2733785e+000 -8.1650346e+000
  7.5416775e+000 -6.8519133e+000
  1.1644532e+000  1.1148178e+001
  7.9688952e+000 -3.2360443e+000
  1.0653495e+001  1.5250593e+000
 -1.5892679e+000  1.2119335e+001
  6.9982998e+000 -4.1282357e+000
  9.3126676e+000  4.6668998e+000
  1.4272550e+000 -9.8603766e+000
  4.1358467e+000  9.3657427e+000
  9.6259496e+000 -5.2765747e+000
  4.9304355e+000  9.5093611e+000
  7.2324872e+000 -7.7715091e+000
  4.0637907e+000  9.6758903e+000
  1.8791561e+000 -1.0159017e+001
  2.2070992e+000 -1.0127987e+001
  8.9434510e+000  5.1741530e+000
  2.1657813e-001 -1.0182937e+001
 -1.3007730e+000  9.9554053e+000
  1.0508924e+001 -1.9153896e+000
  8.7815943e-001 -1.0003401e+001
  6.2185327e+000 -8.8495174e+000
  1.0067116e+000 -9.2461929e+000
 -3.0786865e+000 -9.3214514e+000
  4.2973379e+000 -8.6943149e+000
  1.1422476e+000  1.0002903e+001
  6.9507719e+000  7.9078352e+000
  8.1605597e+000  7.9221719e+000
  8.8827652e+000 -3.5730302e+000
  9.2709656e+000 -2.1582910e+000
 -3.7365984e+000  9.5885992e+000
  3.9460213e+000  8.4848000e+000
  9.9257306e+000 -4.0245230e+000
 -6.6674286e+000  9.7345981e+000
  4.4552600e+000 -7.9376464e+000
  8.1530231e+000  1.5436499e+000
  9.1252917e+000 -1.8265382e+000
  8.4013671e+000  1.6815206e+000
  7.9192770e+000 -4.8371802e+000
  8.6355480e+000  4.9545751e-001
  2.8583892e+000  1.0351296e+001
  4.8710656e+000 -7.8339397e+000
  8.0430234e+000 -4.5226786e+000
 -3.9220174e+000 -8.0550019e+000
  5.6082044e+000 -6.9408574e+000
  3.2284689e+000  8.6355257e+000
  6.0350777e+000  6.5678988e+000
 -4.0862724e-001  9.9113715e+000
 -2.6709332e+000 -8.9662506e+000
  9.6098193e+000  4.4095891e-001
  9.8857327e+000 -3.1458496e+000
  8.6581103e+000 -5.9505785e+000
 -2.9593813e+000  9.8158534e+000
  3.8268683e-001 -9.8704107e+000
  8.1392583e+000 -4.7600191e+000
 -4.5281220e+000  9.8901160e+000
 -1.8524973e+000 -8.5117836e+000
  6.5917253e+000 -7.2759335e+000
 -8.0037634e-001 -9.1986011e+000
 -2.7796280e+000 -1.1568297e+001
  1.2500631e+000 -8.8250161e+000
 -8.5753064e-001 -9.6995225e+000
  1.0794193e+001  4.2395435e-001
  5.2546984e+000  9.7911881e+000
  8.7543752e+000 -4.6701823e+000
  8.4259977e-001  9.4828957e+000
  4.2287272e+000  1.0103016e+001
 -7.2865053e+000 -8.8430142e+000
  9.4213175e+000  7.2895455e+000
 -3.9589992e-001 -1.0669953e+001
  2.7329568e+000 -9.2215093e+000
 -8.9822533e-001  8.8114642e+000
  1.4436974e-002 -1.1845811e+001
  4.5673684e+000 -8.9518363e+000
  2.7812238e+000  9.2729335e+000
  7.9703227e+000  6.1388878e+000
 -2.0074215e+000 -9.7313237e+000
  1.4641448e+000  1.0663539e+001
  7.2037085e+000 -6.3771755e+000
  5.1396517e-001 -7.6631092e+000
  9.2154256e+000  1.5045242e+000
 -4.2197161e+000  1.0610898e+001
  1.0064066e+001 -2.4103008e+000
  1.0457335e+001  3.4566670e+000
  6.5389840e+000  7.1646450e+000
 -5.7772545e+000 -8.5350217e+000
  1.6232736e+000  1.0678943e+001
 -1.2079194e+000  1.1378444e+001
 -4.5854450e+000 -9.7137832e+000
 -5.3349864e-001 -1.0876241e+001
  9.2571797e+000 -4.4345752e+000
 -5.0726629e+000  9.4117276e+000
  9.7236157e+000  3.3525943e+000
  6.9503472e+000  4.7996274e+000
  8.6213399e+000 -2.0367828e+000
 -1.0850265e+000  1.1066222e+001
  7.8227280e-001  9.9598870e+000
  9.8704394e+000  1.9955269e+000
 -2.0697030e+000 -9.3037757e+000
  4.6977374e+000 -6.9622891e+000
  1.0107598e+001  4.9333050e+000
  4.0291935e+000 -1.0938452e+001
  5.4365409e+000  7.5532946e+000
  1.0158981e+001  2.2562278e+000
  2.6589092e+000 -9.3305153e+000
 -2.5865397e+000  8.9469636e+000
  2.4726122e+000 -1.0028776e+001
 -4.0698822e+000 -9.5672408e+000
  6.9229429e+000  5.8936754e+000
  8.7482874e+000 -5.1165255e+000
  8.3719888e+000 -3.4530330e+000
 -1.0498007e+000  9.8561854e+000
 -1.7307252e+000  9.9136664e+000
  1.0412366e+001 -7.7781943e-001
 -3.0762424e+000 -9.9135895e+000
  3.4621899e+000  1.0470911e+001
 -2.5808012e+000 -1.0252538e+001
 -1.9224855e+000 -9.0883483e+000
  6.0958456e+000  7.9318920e+000
  1.3882289e+000 -9.7113277e+000
 -1.8442229e+000 -9.5119745e+000
 -2.1358498e+000 -7.7706889e+000
  6.5148375e+000  8.7057818e+000
 -4.4959381e+000 -8.9527747e+000
  5.9643085e+000  6.8717216e+000
  1.6519967e+000 -8.7261787e+000
  1.0308010e+001  4.7878898e+000
  8.9902536e+000 -1.7279854e+000
  9.8451564e+000  2.4924697e+000
  7.5123443e+000 -7.6108112e+000
 -6.7074253e-001  9.9520457e+000
 -2.9241946e+000 -1.0916762e+001
  4.6519996e+000 -7.7120361e+000
  3.4921001e+000  1.0368028e+001
 -5.7222841e+000  9.4100277e+000
 -2.0805693e+000 -9.6116981e+000
 -3.0602450e+000  9.9207798e+000
 -6.7190961e-001  8.9879722e+000
 -3.1031754e+000  1.0343111e+001
  1.0164107e+001  1.4318555e+000
 -3.0601954e+000  1.0597407e+001
  7.4072719e+000 -6.8356390e+000
  5.1203404e+000 -9.1973828e+000
 -3.1769221e+000 -7.8582190e+000
  7.4897769e+000 -6.3888309e+000
  6.0202279e+000 -6.6553608e+000
  9.2735342e+000 -5.5464253e+000
 -3.1569427e+000 -9.9577598e+000
  6.3125599e+000 -6.6572207e+000
  4.7476753e+000 -8.7356676e+000
  9.3682368e+000  4.8668307e+000
  1.4746648e+000  1.0274423e+001
  4.1519096e+000 -9.5182537e+000
  9.3863034e+000  2.8769521e+000
  8.6050578e+000  2.2127131e+000
 -6.2853434e-001 -1.1493588e+001
 -5.8269693e+000 -8.1450412e+000
  7.9194675e+000 -7.5570826e+000
  8.0214268e+000 -6.1350897e+000
 -5.5662438e+000  8.3657969e+000
 -2.5943287e+000  9.5242528e+000
  9.5736284e+000 -2.6759914e+000
 -2.9018056e+000  7.5486191e+000
  8.7809791e+000  6.3685836e-001
 -3.2240107e+000  9.2465038e+000
 -3.2410967e+000  8.8942243e+000
  6.6572189e+000  7.1623037e+000
  9.4740722e+000  5.6428990e+000
 -7.2118712e-001  1.0732987e+001
 -3.5726775e+000 -1.0202765e+001
  7.2415153e+000 -3.9768623e+000
 -1.5895273e+000 -1.0718875e+001
  7.8011228e+000 -7.4321425e+000
 -6.1332169e+000 -8.9220321e+000
  1.1553680e+000  9.3408528e+000
 -3.8330924e+000 -8.7578901e+000
  9.5880127e+000 -5.9152327e+000
 -2.8194225e+000 -9.9737174e+000
  5.5193652e+000  6.2852256e+000
  8.0768914e+000 -6.9534073e+000
  1.0164863e+001  2.6008530e+000
  1.0962150e+001 -2.9818459e+000
  1.0090747e+000 -1.0850300e+001
 -2.3336125e+000 -1.1128401e+001
  8.8463615e+000  5.8911254e+000
  7.6427159e+000  5.8535258e+000
  2.6102488e+000 -9.6327305e+000
  7.7914824e+000 -3.5871858e+000
  5.6322076e+000  7.2830252e+000
  9.6422482e+000 -2.5133669e+000
  4.1526127e+000 -8.0348442e+000
  9.9924779e+000  3.5940380e+000
  1.7897043e+000  1.1894018e+001
  1.3747002e+000  9.7834627e+000
  1.0273116e+000  1.1165227e+001
 -4.3879335e+000  6.8135515e+000
  5.6107620e+000  1.0290675e+001
  9.0574492e+000 -2.1669738e+000
 -4.3478185e-001 -9.9610587e+000
 -6.0665178e-002 -8.9229425e+000
 -2.5138517e+000  9.2663240e+000
  1.0427625e+001 -1.9932294e-001
  5.6307223e+000 -9.7671948e+000
  9.4944318e+000 -4.3099339e+000
 -4.2757914e-001  8.7121674e+000
 -1.0993929e+000 -1.1433964e+001
  6.3330745e+000 -7.1379952e+000
  1.0031030e+000  9.6399668e+000
  5.7251051e+000 -8.2541509e+000
 -2.2558308e+000 -1.1315735e+001
 -2.9103154e+000  8.4620502e+000
  9.1974110e-002 -9.8158417e+000
  8.5325614e+000 -3.7203594e+000
  1.0828339e+001 -3.0905637e+000
  2.3235226e+000  1.0642420e+001
  8.1207889e+000 -3.1657715e+000
  3.4235320e+000  9.3503280e+000
 -4.5747881e+000 -8.5891074e+000
 -3.1880408e+000  9.6968140e+000
  1.2096615e+000  8.6351670e+000
 -6.7615833e+000  7.6508362e+000
  5.6764779e+000 -7.5846157e+000
  1.0293436e+001  4.0393812e-001
  6.8411210e+000 -5.6525872e+000
 -2.1890863e+000 -7.8306569e+000
  6.7817378e+000 -7.6931072e+000
  7.9794138e+000  5.5906424e+000
 -4.5631189e+000  9.3150263e+000
 -4.1063091e+000 -1.0204161e+001
  1.5785795e+000  1.0083028e+001
  3.0440272e+000 -8.5687314e+000
 -5.1003838e+000  9.7191301e+000
  6.0473731e+000 -9.0409241e+000
  5.4296514e+000 -8.0481121e+000
  1.0818230e+001  1.3361746e+000
  9.7567907e+000  3.6464464e+000
  8.9525078e-001  1.1146807e+001
  6.1199350e+000 -8.0380393e+000
  5.4944962e+000 -7.0021051e+000
  4.6711244e+000 -9.0884333e+000
  9.8612010e+000  2.8905354e+000
  2.8465897e+000 -1.0556082e+001
  5.9766114e+000  5.3748555e+000
  6.7714257e+000 -7.3658946e+000
  1.0662885e+001 -2.0879479e+000
  1.0008994e+001  8.9714815e-001
  7.5500348e+000  6.7113224e+000
  2.7457571e+000 -1.0723140e+001
  6.4283218e+000 -7.7465482e+000
 -8.5422674e-001  1.0334728e+001
  3.2966423e+000 -9.3464223e+000
 -1.0753201e+000 -1.0638013e+001
  8.2301805e+000 -4.4736926e+000
  9.4980759e+000  4.9325963e+000
  3.1099795e+000 -8.5850392e+000
  8.4411038e+000 -4.4087642e+000
  7.3919216e+000  6.4808012e+000
  6.1587196e+000 -6.7711548e+000
 -2.1669611e+000  1.1335247e+001
  6.8700804e+000  9.3905129e+000
  8.9574707e+000 -5.1021685e+000
  3.5885910e+000 -8.4799704e+000
  9.5056113e+000 -3.4893683e+000
  9.9815023e-001 -8.9678999e+000
 -3.5897535e+000 -9.4535066e+000
 -2.0962939e+000 -1.0060991e+001
 -4.2794419e+000 -9.0467640e+000
 -3.8628116e-001  1.0361803e+001
  8.1712303e+000 -3.3975866e+000
  4.0985140e+000  9.2728493e+000
  1.6557962e+000  8.9190181e+000
  9.2679876e+000 -4.6554264e+000
  2.4559563e+000  9.8963341e+000
  7.4757572e+000 -7.7354905e+000
  3.3701681e+000 -8.7806352e+000
  1.1632789e+001  1.0930766e+000
  2.0203259e+000 -1.0463530e+001
  8.8301862e+000  4.4531838e+000
 -4.7688487e+000  9.3412888e+000
  8.4092890e+000 -1.9367113e+000
  2.9797448e+000  7.6655499e+000
  1.0395693e+001 -2.1592967e+000
  6.8791766e+000 -8.2347181e+000
  9.8386323e+000  5.2314985e+000
  9.6318238e+000 -4.3808129e+000
  8.5231337e+000 -3.3722977e+000
  7.5199721e+000 -6.7042756e+000
  1.0790749e+001 -2.5146351e+000
  6.8126376e+000  8.4568472e+000
  1.0692415e+001  2.5260255e+000
 -6.2165437e+000  1.1873452e+001
  3.3220013e+000 -9.3348184e+000
  7.8979329e+000  2.3378773e+000
  8.4027934e+000 -1.4764910e+000
  8.4492108e+000 -5.5247517e+000
  9.8949277e+000  1.1920742e+000
 -1.7377715e+000  1.0300106e+001
  2.8262971e+000  9.8794728e+000
 -1.1184487e-002 -1.1813488e+001
  2.2866772e+000  1.0215724e+001
  3.6176127e+000  8.8174277e+000
  7.3406203e+000 -4.4097488e+000
  5.0270763e+000  8.5735208e+000
 -2.8743719e+000 -1.1136291e+001
  1.0261318e+001  3.6200828e-001
  4.0558795e+000  9.3088047e+000
  1.1682106e+000 -9.7547907e+000
  1.0374483e+001  3.7777129e+000
  1.1771129e+000 -9.7823917e+000
  1.6141796e+000  1.1322176e+001
  5.1827024e+000 -1.0026572e+001
  6.3376277e+000 -6.3370357e+000
  7.4774183e+000 -8.0989288e+000
  6.0563273e+000  9.3855932e+000
  9.9613461e+000  1.9179651e-001
 -1.0004189e+000 -9.2858403e+000
  3.6183096e+000 -9.8476760e+000
  5.4374781e+000  6.5715927e+000
 -3.5455469e+000  9.3372869e+000
  6.3909277e+000  8.3316148e+000
  5.8442311e+000  8.9614242e+000
  2.5586335e+000 -1.0213420e+001
  5.8199236e+000  8.8156522e+000
 -5.6725959e-001  1.0115592e+001
  2.1077996e+000  9.4500046e+000
  4.2435868e+000  8.5643427e+000
 -2.2387035e+000  1.0180446e+001
  9.8162770e+000 -4.1987756e+000
  7.4459925e+000  4.2787108e+000
 -4.6302173e+000 -9.1146838e+000
 -3.5130998e+000  9.9454212e+000
  7.4610580e+000 -1.8831016e+000
  6.3926875e+000 -6.9048265e+000
  8.9141188e+000  6.6338876e+000
  9.1834502e+000 -2.6133492e+000
  5.1987263e-001  1.0722854e+001
  9.5299057e+000  3.4048643e+000
  5.4263875e+000 -9.1587101e+000
  9.6358702e-002 -1.0061266e+001
  9.7653504e+000  2.0231978e+000
 -3.0957295e+000  1.1484052e+001
 -3.1707607e+000  1.0188090e+001
  5.4853029e+000  8.4835582e+000
  2.5190535e+000 -8.9389247e+000
  9.2879071e+000  2.1716002e+000
 -5.8937796e+000 -8.3673133e+000
  7.2858590e+000 -6.8012832e+000
  5.0837731e+000  7.3857130e+000
  2.9936422e+000  1.0768049e+001
  8.5176083e+000 -2.9390051e+000
  8.8260970e+000 -3.7067129e+000
  4.1391507e+000 -7.2423904e+000
 -1.7525714e+000 -8.5718893e+000
  7.6324747e+000  1.4190416e+000
  1.9555369e+000  1.0961931e+001
  5.5163380e+000 -7.5312090e+000
  8.5806322e+000 -1.2672412e-001
 -2.3502731e+000 -9.8758403e+000
 -2.6250740e+000 -1.0483868e+001
  1.0430834e+001  5.2598270e-001
  6.1530751e+000  7.7488887e+000
 -1.5304725e+000 -1.0609463e+001
 -6.2708144e+000  7.5627213e+000
  1.0548777e+001  5.2062875e-001
  7.2599170e+000  7.8659757e+000
  3.7024271e+000  1.0503498e+001
  1.0018444e+001  1.4246687e+000
  9.9025032e+000  1.9290470e+000
  5.9585398e+000  1.0842323e+001
  3.5805511e+000 -8.1494227e+000
 -3.5515046e+000  9.6100463e+000
 -1.4762286e+000 -9.1970192e+000
  1.0210314e+001  9.3346477e-001
 -3.0422278e+000  9.8142506e+000
  7.5631370e-001  9.7141828e+000
  8.6600207e+000  5.3326062e+000
  5.3800500e+000 -7.8292560e+000
  8.5674555e+000 -5.8521730e+000
  7.2583210e+000 -7.3776426e+000
  8.7190201e+000 -9.5728898e+000
 -1.3150248e+000  9.3252097e+000
  9.0420505e+000  1.7970073e+000
  7.0111106e+000  7.9729744e+000
  1.9901409e-001  8.8398295e+000
